24
2000
0 0 0 4 4 -289 1 0.15942 0.095 
1 3 6 19 7 -51 1 0.144969 0.195 
0 18 9 19 13 17 -1 0.180145 0.135 
0 15 18 16 19 2 -1 0.232929 0.25 
0 12 0 16 1 50 -1 0.217975 0.18 
4 12 3 13 7 39 -1 0.191502 0.1 
1 6 9 10 13 -36 -1 0.20128 0.585 
0 3 3 7 4 -64 1 0.221472 0.14 
1 9 15 13 16 -49 1 0.193867 0.065 
1 15 6 16 7 -5 1 0.183572 0.22 
4 9 0 10 4 33 -1 0.243281 0.205 
0 15 18 16 22 -1 -1 0.238499 0.44 
1 6 9 19 13 188 -1 0.216598 0.35 
4 0 3 7 4 -57 1 0.206524 0.135 
0 21 3 22 19 -44 1 0.225062 0.1 
4 3 9 4 13 -19 1 0.240514 0.16 
0 18 0 19 4 8 -1 0.264164 0.3 
0 3 9 4 10 -5 1 0.236065 0.125 
1 18 9 19 10 -2 -1 0.210744 0.55 
1 12 0 22 10 1269 1 0.241726 0.79 
0 12 3 13 7 27 -1 0.260879 0.105 
0 12 6 13 10 -14 1 0.272383 0.135 
4 18 15 19 19 7 -1 0.251859 0.295 
1 3 6 7 7 -20 1 0.234604 0.165 
1 6 15 16 16 -81 1 0.272373 0.115 
1 0 3 16 7 374 1 0.23068 0.69 
4 12 15 13 16 5 -1 0.256856 0.125 
1 6 3 10 4 15 -1 0.276631 0.16 
0 12 18 16 19 22 -1 0.251028 0.205 
1 3 0 4 4 78 1 0.271609 0.735 
1 3 12 19 13 43 -1 0.289758 0.215 
4 15 6 19 13 308 -1 0.295765 0.185 
4 9 0 13 7 222 -1 0.291602 0.24 
1 6 9 7 13 32 -1 0.245484 0.24 
4 12 3 16 4 29 -1 0.259888 0.145 
1 12 6 16 13 371 1 0.262306 0.75 
4 21 6 22 13 -49 1 0.260092 0.08 
1 12 6 16 7 -48 1 0.25143 0.07 
2 3 15 7 16 609 1 0.228474 0.68 
4 9 3 10 13 -76 1 0.291267 0.14 
0 0 0 1 10 20 -1 0.285249 0.165 
4 3 0 7 4 117 1 0.276074 0.71 
0 0 0 4 16 -646 1 0.273797 0.14 
1 15 12 19 16 18 -1 0.284748 0.38 
4 12 0 16 4 313 -1 0.281659 0.09 
2 6 6 10 7 530 1 0.248823 0.625 
0 0 9 1 19 22 -1 0.225296 0.125 
1 9 0 16 1 -21 1 0.303383 0.255 
1 15 12 16 13 2 -1 0.260636 0.28 
4 9 3 13 7 163 -1 0.272732 0.17 
1 12 12 16 13 -5 1 0.262354 0.33 
1 3 6 13 7 -37 1 0.224137 0.205 
0 9 3 10 7 -16 1 0.283548 0.225 
4 9 12 10 13 3 -1 0.261414 0.235 
0 3 0 7 1 -21 1 0.271084 0.235 
0 3 12 4 13 -2 1 0.263786 0.255 
1 9 6 13 10 -48 -1 0.253828 0.565 
0 3 3 4 22 47 -1 0.206428 0.11 
0 0 9 4 16 -135 1 0.290475 0.23 
0 12 9 16 10 131 1 0.236314 0.89 
0 21 0 22 19 -270 1 0.277332 0.01 
1 6 6 16 7 -92 1 0.274143 0.115 
3 9 0 13 1 238 -1 0.27873 0.75 
4 9 3 10 7 20 -1 0.31298 0.195 
4 6 12 7 13 4 1 0.321268 0.78 
0 18 6 19 22 38 -1 0.271153 0.13 
0 18 18 19 22 -19 1 0.273597 0.135 
4 9 18 10 19 -1 -1 0.283839 0.495 
1 3 12 22 13 55 -1 0.286591 0.21 
4 0 0 7 4 -238 1 0.276251 0.275 
4 15 6 19 7 -18 1 0.26337 0.26 
0 9 9 13 13 -2 1 0.26871 0.445 
0 3 6 4 7 1 -1 0.289881 0.33 
0 0 9 4 10 -52 1 0.299396 0.18 
0 0 15 1 19 -1 -1 0.27185 0.505 
4 6 0 7 4 -37 1 0.302129 0.07 
1 0 3 7 7 26 1 0.290787 0.525 
1 12 12 13 13 -8 1 0.272918 0.14 
0 18 9 19 10 4 -1 0.298861 0.21 
1 18 0 19 4 16 1 0.29706 0.585 
0 0 9 1 13 5 -1 0.318481 0.255 
1 12 3 13 4 10 -1 0.273573 0.125 
0 9 0 10 22 24 1 0.256841 0.68 
4 15 9 19 13 389 -1 0.299412 0.08 
0 3 9 4 13 -6 1 0.280334 0.265 
4 21 0 22 4 -11 -1 0.284328 0.64 
4 6 3 7 4 -6 1 0.318263 0.125 
0 12 0 16 4 219 -1 0.315314 0.145 
4 15 21 19 22 -33 1 0.239053 0.155 
1 0 0 10 1 99 1 0.287218 0.875 
0 15 9 19 10 148 -1 0.279886 0.05 
0 9 15 16 22 -1444 1 0.330354 0.1 
1 3 0 7 7 620 1 0.266754 0.775 
4 3 12 7 16 143 -1 0.256363 0.14 
2 6 18 10 19 589 1 0.331199 0.61 
4 21 3 22 13 -99 1 0.283072 0.055 
3 6 0 19 1 843 -1 0.311708 0.675 
1 3 6 16 7 -116 1 0.238422 0.12 
1 0 3 10 4 17 -1 0.318522 0.27 
0 15 15 16 22 7 -1 0.290283 0.275 
4 15 12 19 13 5 -1 0.320509 0.4 
0 9 3 10 10 -27 1 0.311242 0.2 
1 15 0 22 4 39 1 0.271389 0.53 
4 6 15 7 19 -34 1 0.274742 0.07 
0 18 3 19 4 2 -1 0.296136 0.29 
1 12 9 19 13 46 -1 0.29134 0.41 
4 12 6 16 13 -112 1 0.274321 0.325 
0 15 9 19 19 -759 1 0.302303 0.09 
2 6 6 7 7 161 1 0.284196 0.745 
0 0 0 4 10 -491 1 0.269854 0.135 
0 0 0 1 4 15 -1 0.321899 0.12 
4 9 6 16 7 -6 1 0.335431 0.415 
1 6 0 13 4 -79 -1 0.299506 0.55 
0 3 18 7 19 -49 1 0.276099 0.13 
0 6 3 7 4 -3 1 0.279237 0.205 
0 3 15 7 16 41 -1 0.281843 0.185 
1 15 6 19 7 -17 1 0.330331 0.235 
4 3 9 4 16 -42 1 0.259815 0.12 
1 6 6 13 7 10 1 0.266064 0.555 
4 12 6 13 7 6 -1 0.300635 0.175 
1 9 9 16 10 43 1 0.338243 0.775 
4 18 18 19 19 10 -1 0.285973 0.08 
1 0 9 10 13 260 -1 0.28842 0.285 
0 18 0 19 13 14 -1 0.313553 0.27 
0 9 0 13 4 196 -1 0.270337 0.12 
1 0 9 1 10 -5 -1 0.319368 0.705 
0 15 6 19 22 -1250 1 0.352291 0.08 
1 0 12 1 13 21 1 0.250453 0.89 
4 12 6 13 10 40 -1 0.302338 0.075 
1 3 6 4 10 -102 -1 0.350881 0.825 
0 0 18 4 22 -272 1 0.280112 0.105 
0 0 6 1 13 6 -1 0.351897 0.295 
1 12 6 19 7 -6 1 0.318573 0.405 
0 6 0 10 7 -195 1 0.27481 0.23 
1 12 0 13 4 45 -1 0.296544 0.285 
4 6 15 7 16 5 -1 0.285125 0.11 
1 3 15 13 19 35 -1 0.32044 0.42 
1 9 6 13 7 -4 1 0.314633 0.355 
4 0 9 4 13 -19 1 0.333744 0.45 
0 3 15 4 19 -28 1 0.273338 0.05 
4 15 12 16 16 44 1 0.270697 0.87 
0 0 6 4 22 1461 -1 0.286142 0.06 
4 9 6 13 10 -127 -1 0.311372 0.75 
0 0 9 4 13 -258 1 0.266278 0.13 
1 12 15 16 16 -15 1 0.326016 0.22 
1 15 9 16 16 51 -1 0.302345 0.28 
1 6 12 10 13 3 -1 0.272338 0.345 
1 18 9 22 10 -3 -1 0.319654 0.515 
1 9 6 16 7 -60 1 0.305626 0.085 
2 3 12 7 16 2530 1 0.285222 0.695 
0 21 3 22 16 -135 1 0.294212 0.015 
1 3 3 22 10 1374 1 0.2756 0.78 
0 18 9 19 22 18 -1 0.299818 0.18 
4 3 3 13 4 77 -1 0.278166 0.145 
4 15 15 16 16 11 1 0.320053 0.89 
0 6 21 13 22 -268 1 0.295197 0.065 
0 9 3 13 7 61 -1 0.321435 0.29 
4 9 15 10 16 -3 1 0.327037 0.23 
1 3 9 19 13 522 -1 0.345815 0.245 
0 15 9 16 22 31 -1 0.309393 0.115 
1 0 0 1 4 13 1 0.312118 0.57 
0 18 3 19 16 29 -1 0.277475 0.15 
1 6 0 16 4 -57 -1 0.336708 0.54 
4 6 12 10 13 58 -1 0.293888 0.085 
1 15 0 22 7 139 1 0.282124 0.545 
4 15 6 16 7 -4 1 0.290669 0.18 
4 15 21 16 22 7 -1 0.337856 0.065 
1 3 9 10 13 -21 -1 0.349999 0.525 
0 15 12 19 22 -1149 1 0.317088 0.065 
4 3 0 7 7 -19 1 0.330168 0.455 
1 15 12 19 13 7 -1 0.29136 0.29 
4 12 6 16 7 -14 1 0.337458 0.26 
0 6 6 7 7 -1 1 0.339571 0.32 
0 15 12 19 16 -249 1 0.360932 0.15 
4 6 0 13 4 -387 -1 0.306265 0.75 
0 12 18 16 22 246 -1 0.290178 0.095 
0 18 0 19 19 -10 -1 0.288135 0.595 
0 21 3 22 10 -47 1 0.301359 0.055 
1 15 0 16 10 194 1 0.293771 0.845 
1 3 15 16 16 -77 1 0.292902 0.18 
1 0 15 13 16 52 -1 0.287178 0.18 
4 3 9 10 13 -656 -1 0.287196 0.86 
0 0 0 10 4 -412 1 0.329973 0.245 
0 6 12 10 13 38 -1 0.308665 0.24 
0 3 0 4 1 -3 1 0.336317 0.16 
1 15 9 16 13 29 -1 0.297043 0.28 
0 9 12 10 19 -25 1 0.323104 0.155 
4 9 0 16 4 239 -1 0.262789 0.305 
4 0 0 7 1 9 -1 0.338243 0.38 
0 18 9 19 19 24 -1 0.349415 0.155 
4 3 3 7 4 -5 1 0.344386 0.405 
4 15 0 19 1 -24 1 0.3105 0.25 
4 0 9 4 16 -383 1 0.331275 0.205 
1 15 3 16 7 -8 1 0.322881 0.395 
0 6 9 7 22 33 -1 0.258406 0.14 
4 3 3 4 13 -85 1 0.367734 0.105 
3 18 0 22 7 3862 1 0.32025 0.57 
1 9 6 16 13 959 1 0.309468 0.83 
4 9 6 10 10 -60 1 0.268332 0.135 
4 0 12 1 13 0 1 0.297915 0.435 
1 12 6 22 7 -11 1 0.346579 0.38 
4 15 9 19 16 817 -1 0.283061 0.07 
1 6 6 7 7 -21 1 0.283649 0.055 
4 0 0 4 4 -8 1 0.273257 0.455 
0 18 3 19 7 -3 -1 0.336978 0.545 
0 0 6 1 10 17 -1 0.356404 0.115 
0 0 6 4 13 -12 1 0.307599 0.435 
4 12 12 16 13 -11 1 0.331401 0.285 
0 12 0 13 7 23 -1 0.330259 0.15 
0 9 9 13 10 22 1 0.299113 0.66 
0 12 12 16 19 175 -1 0.321983 0.17 
1 21 15 22 16 -4 -1 0.353581 0.66 
4 21 0 22 10 -87 1 0.266489 0.075 
0 9 6 13 7 3 -1 0.306961 0.455 
0 3 0 7 4 -160 1 0.312115 0.16 
1 9 15 16 16 -62 1 0.304186 0.095 
3 3 0 7 7 3600 1 0.293289 0.595 
4 15 3 19 7 82 1 0.323736 0.675 
0 0 21 4 22 156 -1 0.286944 0.065 
0 0 6 4 19 -561 1 0.350816 0.13 
1 12 0 13 7 -44 -1 0.311028 0.605 
1 0 6 16 7 -128 1 0.276044 0.115 
1 9 0 22 7 1130 1 0.339092 0.705 
0 18 9 19 16 28 -1 0.306505 0.13 
1 9 15 10 16 -15 1 0.364281 0.105 
4 9 15 13 16 10 -1 0.283178 0.31 
3 9 15 13 16 613 1 0.259144 0.655 
4 0 3 10 4 50 -1 0.354487 0.245 
1 9 3 19 4 49 -1 0.33429 0.18 
0 0 6 1 22 29 -1 0.33903 0.15 
0 18 3 19 13 -10 -1 0.289949 0.64 
1 6 6 22 7 -160 1 0.343505 0.1 
4 12 0 16 7 -53 -1 0.333649 0.58 
0 0 9 7 13 -183 1 0.30031 0.225 
0 12 15 13 22 9 -1 0.319833 0.285 
1 18 3 19 10 -173 -1 0.337325 0.79 
4 3 21 7 22 -43 1 0.287095 0.085 
4 0 12 4 13 0 1 0.374118 0.485 
0 6 15 7 19 13 -1 0.361975 0.145 
0 15 21 16 22 -3 -1 0.346772 0.66 
1 15 15 22 19 -229 -1 0.368034 0.645 
0 12 21 16 22 -30 1 0.299182 0.235 
0 0 12 4 22 -722 1 0.365148 0.08 
4 0 15 1 16 -7 -1 0.273387 0.855 
1 6 21 19 22 -101 1 0.316825 0.11 
0 15 0 16 1 2 -1 0.350372 0.275 
1 9 21 16 22 59 -1 0.330554 0.105 
1 15 3 22 7 13 1 0.283265 0.49 
1 15 18 16 19 3 -1 0.352463 0.26 
1 6 21 10 22 7 -1 0.339951 0.31 
1 12 21 13 22 -2 1 0.312108 0.28 
2 9 3 10 4 55 -1 0.361629 0.765 
1 12 3 16 4 59 -1 0.327713 0.075 
4 15 3 16 4 -2 1 0.355515 0.28 
1 15 9 19 13 36 -1 0.308441 0.385 
4 15 0 16 4 24 -1 0.335864 0.13 
1 9 12 10 16 85 1 0.363078 0.835 
4 3 15 7 19 -291 1 0.317019 0.085 
3 0 15 10 16 1336 1 0.332029 0.585 
0 15 0 19 10 549 -1 0.321786 0.115 
0 0 0 1 16 7 -1 0.342028 0.36 
1 3 9 7 13 30 -1 0.320316 0.375 
0 21 12 22 13 -21 1 0.355411 0.01 
1 0 3 10 10 341 1 0.307072 0.68 
0 0 0 4 19 -837 1 0.323619 0.12 
4 9 9 13 10 -14 -1 0.312486 0.64 
0 15 15 19 19 -654 1 0.358429 0.05 
0 15 9 19 16 441 -1 0.350172 0.115 
1 9 6 22 7 -78 1 0.299146 0.14 
3 6 0 13 1 404 -1 0.263737 0.74 
0 12 9 13 16 33 -1 0.338002 0.105 
1 18 9 19 13 -53 -1 0.352154 0.745 
1 9 3 16 4 84 -1 0.291878 0.09 
4 12 12 16 16 150 1 0.372226 0.745 
1 0 15 16 16 -66 1 0.367272 0.21 
1 0 0 4 4 364 1 0.341608 0.785 
1 6 15 13 16 69 -1 0.307567 0.095 
0 9 6 10 7 -1 1 0.331139 0.405 
0 21 3 22 22 -40 1 0.33864 0.115 
4 3 6 13 10 -404 -1 0.34686 0.77 
0 3 9 4 16 -52 1 0.281979 0.085 
4 6 9 10 13 -15 -1 0.34925 0.54 
1 9 12 10 13 6 -1 0.35475 0.16 
1 6 0 7 4 13 -1 0.307098 0.405 
4 9 12 13 13 -35 1 0.314941 0.155 
1 0 0 7 4 433 1 0.295001 0.74 
1 9 6 19 7 -104 1 0.368121 0.085 
0 15 0 16 22 28 -1 0.350009 0.21 
0 9 6 10 10 -33 1 0.340999 0.145 
0 12 6 16 7 62 1 0.272901 0.795 
0 12 0 16 7 493 -1 0.308805 0.085 
4 21 12 22 16 -7 1 0.350404 0.29 
1 0 12 10 13 26 -1 0.381841 0.245 
1 18 0 22 4 80 1 0.377321 0.615 
0 0 0 1 13 28 -1 0.338321 0.13 
4 0 9 10 13 961 1 0.304721 0.855 
1 6 3 16 4 188 -1 0.32519 0.045 
0 18 3 19 19 25 -1 0.362899 0.195 
1 6 3 19 7 143 1 0.319572 0.57 
4 3 6 4 13 -83 1 0.331428 0.06 
2 6 3 10 7 2228 1 0.313618 0.635 
0 6 9 7 10 3 -1 0.327086 0.175 
0 6 9 7 13 -12 1 0.370711 0.14 
4 0 12 10 13 -105 -1 0.34878 0.84 
1 6 21 16 22 61 -1 0.34037 0.13 
0 0 0 4 13 -509 1 0.318569 0.16 
1 9 3 13 4 20 -1 0.355123 0.2 
0 0 9 1 10 -1 -1 0.346049 0.495 
0 12 6 13 7 9 -1 0.337421 0.085 
1 0 3 10 7 267 1 0.291409 0.695 
0 12 9 13 10 -7 1 0.311752 0.115 
1 6 15 10 16 -16 1 0.373239 0.24 
0 3 6 7 10 -404 -1 0.315976 0.88 
0 21 9 22 19 -208 1 0.306958 0.01 
3 3 0 19 7 16078 1 0.347542 0.615 
0 0 0 4 1 -46 1 0.308826 0.19 
4 3 12 10 13 49 -1 0.348414 0.165 
1 18 0 19 7 -8 1 0.318388 0.47 
0 15 9 19 13 332 -1 0.350272 0.105 
4 6 0 7 10 -79 1 0.327958 0.075 
1 3 3 16 7 487 1 0.296231 0.76 
0 18 12 19 22 -138 1 0.323145 0.04 
1 0 6 13 10 -790 -1 0.375369 0.77 
4 3 3 4 7 22 -1 0.360149 0.1 
1 0 0 16 4 23 -1 0.337022 0.475 
3 15 0 22 7 5347 1 0.342271 0.51 
1 3 15 7 16 20 -1 0.299895 0.15 
4 12 15 16 16 -23 1 0.358866 0.17 
1 15 18 19 19 7 -1 0.311792 0.315 
1 15 0 19 1 -1 1 0.357487 0.46 
1 18 3 19 7 -42 -1 0.364594 0.725 
1 3 6 22 7 -57 1 0.367089 0.2 
0 6 12 10 16 271 -1 0.336635 0.125 
3 9 0 10 1 60 -1 0.327458 0.705 
4 6 3 7 7 -55 1 0.347346 0.055 
1 0 15 1 16 -2 -1 0.324669 0.585 
4 3 6 4 7 1 -1 0.337137 0.32 
0 12 0 13 1 0 -1 0.396198 0.415 
0 15 3 19 4 93 -1 0.373437 0.12 
0 0 21 1 22 2 1 0.369172 0.61 
4 15 6 16 13 -21 1 0.311146 0.18 
0 12 15 13 16 4 -1 0.319066 0.18 
1 12 3 22 7 116 1 0.346532 0.57 
4 15 3 19 13 102 -1 0.353935 0.355 
1 6 12 13 13 37 -1 0.345128 0.125 
1 21 9 22 13 35 1 0.36366 0.735 
0 21 0 22 1 3 -1 0.349447 0.18 
1 0 6 19 7 -58 1 0.361293 0.2 
0 3 0 4 16 -85 1 0.323972 0.08 
1 0 0 10 7 1749 1 0.372411 0.825 
1 12 15 13 16 11 -1 0.272275 0.075 
1 9 3 13 10 147 -1 0.318395 0.335 
0 0 6 7 10 -649 -1 0.344223 0.835 
4 9 3 16 4 71 -1 0.356574 0.13 
0 15 6 19 10 232 -1 0.38908 0.115 
1 3 3 13 4 28 -1 0.350029 0.22 
1 3 0 7 4 418 1 0.363605 0.815 
4 12 12 13 13 11 -1 0.322408 0.05 
0 9 0 13 7 63 -1 0.361385 0.365 
0 15 6 16 7 -14 1 0.358662 0.05 
0 9 0 10 4 9 1 0.35677 0.7 
0 3 0 4 22 103 -1 0.347234 0.065 
0 0 3 4 19 -677 1 0.319845 0.13 
1 0 9 19 13 -884 -1 0.335869 0.74 
1 9 12 13 13 -42 1 0.299624 0.09 
2 12 6 13 7 126 1 0.333083 0.62 
0 0 9 7 16 -375 1 0.356191 0.19 
4 3 9 7 16 507 -1 0.362635 0.085 
1 15 3 19 10 412 1 0.346664 0.77 
4 21 6 22 10 -67 1 0.325734 0.05 
1 6 12 10 16 428 1 0.323027 0.87 
3 3 18 4 19 197 -1 0.385465 0.2 
1 3 6 16 13 195 -1 0.308034 0.365 
0 9 6 10 19 -40 1 0.319867 0.185 
0 6 18 13 19 58 -1 0.354158 0.245 
1 0 3 16 10 1179 1 0.314965 0.76 
1 12 3 19 4 83 -1 0.353576 0.09 
1 6 0 10 4 29 -1 0.328682 0.43 
1 15 0 19 4 -24 1 0.347708 0.385 
4 18 9 19 10 -3 -1 0.349173 0.705 
4 3 21 4 22 5 -1 0.339549 0.135 
0 9 0 10 7 -23 1 0.357771 0.205 
0 9 9 10 13 1 -1 0.354319 0.38 
1 9 0 13 4 7 -1 0.359653 0.485 
0 3 0 4 13 -38 1 0.366446 0.145 
2 6 0 10 1 425 1 0.359681 0.55 
1 6 6 19 7 -155 1 0.329706 0.07 
0 18 12 19 13 7 -1 0.3479 0.145 
4 0 0 4 1 8 -1 0.337032 0.35 
0 0 6 4 7 -15 -1 0.374614 0.7 
0 0 18 7 19 -130 1 0.371866 0.1 
0 9 3 13 4 72 -1 0.36647 0.105 
1 0 3 1 7 22 1 0.315422 0.635 
0 15 12 16 16 -5 1 0.330699 0.27 
4 12 6 16 10 43 1 0.363557 0.54 
1 9 18 10 19 -2 -1 0.373074 0.6 
0 6 15 13 22 971 -1 0.352907 0.12 
3 6 6 10 10 2756 1 0.366542 0.75 
0 21 3 22 13 -74 1 0.386417 0.04 
1 3 3 7 7 -62 1 0.372356 0.38 
1 3 15 13 16 -98 1 0.362433 0.08 
1 0 9 19 10 -108 -1 0.337558 0.83 
4 12 21 16 22 17 -1 0.396221 0.165 
0 3 3 4 13 -36 1 0.344977 0.135 
0 3 21 13 22 -95 1 0.420084 0.295 
1 3 6 10 7 -23 1 0.359605 0.205 
4 0 6 10 7 -67 -1 0.380915 0.8 
0 6 0 13 4 524 -1 0.348345 0.135 
4 0 6 10 13 -719 -1 0.411836 0.71 
0 9 6 13 22 373 -1 0.345079 0.17 
0 6 6 10 7 -23 1 0.414857 0.3 
0 6 12 7 22 58 -1 0.361137 0.07 
1 0 3 19 10 649 1 0.306914 0.665 
0 15 6 19 19 1015 -1 0.360417 0.065 
1 9 0 16 4 -103 -1 0.331564 0.62 
0 0 0 1 19 49 -1 0.360298 0.13 
1 3 12 10 13 -5 -1 0.348569 0.535 
0 18 0 19 10 63 -1 0.406406 0.125 
3 15 3 16 7 425 1 0.383022 0.535 
0 21 9 22 22 -67 1 0.348199 0.065 
1 6 15 22 19 -580 -1 0.353466 0.68 
4 21 0 22 1 -2 -1 0.369189 0.63 
0 3 9 4 19 -23 1 0.354418 0.15 
0 15 12 19 19 -308 1 0.321625 0.17 
1 0 6 1 10 -101 -1 0.349053 0.805 
1 9 9 10 13 108 -1 0.368171 0.1 
0 9 9 10 19 -25 1 0.366116 0.2 
1 3 3 22 7 -85 1 0.324519 0.46 
0 18 6 19 13 65 -1 0.386393 0.1 
0 0 18 1 19 2 1 0.419708 0.66 
1 9 0 13 10 438 -1 0.377684 0.225 
4 6 18 7 19 1 -1 0.399921 0.265 
0 6 18 7 19 -4 1 0.355182 0.115 
1 12 0 19 10 737 1 0.332356 0.75 
0 12 3 13 4 19 -1 0.358302 0.03 
2 12 15 13 16 144 1 0.287955 0.655 
0 0 0 7 1 -175 1 0.409071 0.125 
2 9 6 13 7 527 -1 0.405725 0.33 
1 12 0 13 1 2 1 0.372361 0.59 
0 0 0 1 7 19 -1 0.416742 0.155 
4 3 9 7 10 -31 -1 0.380097 0.795 
1 6 0 19 4 1018 -1 0.344442 0.175 
1 0 0 10 10 1337 1 0.368714 0.79 
4 0 21 7 22 -132 1 0.336613 0.05 
1 12 3 19 7 141 1 0.373439 0.625 
0 9 9 10 22 -37 1 0.34183 0.165 
0 9 18 13 22 42 -1 0.35312 0.32 
3 0 9 4 13 1337 1 0.34148 0.375 
0 6 3 7 22 26 -1 0.398408 0.225 
3 12 0 13 1 69 -1 0.404551 0.615 
4 0 15 4 19 -236 1 0.366633 0.165 
1 0 6 22 7 -61 1 0.355679 0.225 
0 21 0 22 13 -172 1 0.343404 0.02 
1 6 3 10 13 -712 -1 0.298447 0.775 
4 9 18 16 19 -53 1 0.359203 0.13 
1 0 6 1 13 195 1 0.403652 0.885 
0 12 6 13 13 -19 1 0.394461 0.14 
1 6 18 7 19 3 -1 0.414935 0.195 
4 15 3 19 4 7 -1 0.373197 0.335 
1 3 0 10 7 680 1 0.37699 0.72 
0 9 0 10 10 -104 1 0.369303 0.11 
3 15 9 19 13 1817 1 0.431038 0.56 
4 9 12 10 16 -20 1 0.418062 0.185 
4 6 12 10 16 -317 -1 0.371151 0.86 
2 0 21 7 22 1317 -1 0.349185 0.225 
0 18 6 19 19 16 -1 0.331252 0.245 
1 0 3 13 7 9 1 0.412351 0.5 
1 12 0 16 4 183 -1 0.350077 0.275 
1 15 15 19 19 81 -1 0.370737 0.28 
0 9 12 10 16 -18 1 0.387393 0.14 
3 18 0 19 4 384 1 0.390036 0.475 
3 6 0 22 4 6646 -1 0.424245 0.45 
0 15 6 16 22 56 -1 0.415302 0.12 
3 6 3 7 7 369 1 0.357671 0.46 
0 0 0 4 7 -99 1 0.392611 0.28 
0 9 3 16 16 -326 1 0.384305 0.275 
1 0 9 22 10 -153 -1 0.402487 0.85 
0 0 0 4 22 -1563 1 0.385331 0.065 
0 0 6 7 7 -153 -1 0.407928 0.81 
1 6 9 16 16 -99 -1 0.401698 0.47 
0 3 6 4 22 112 -1 0.398872 0.05 
0 0 12 4 13 -16 1 0.358164 0.26 
1 15 6 22 7 -36 1 0.366551 0.21 
1 6 12 16 16 244 1 0.352892 0.705 
0 12 0 13 10 51 -1 0.378357 0.095 
0 15 3 19 13 262 -1 0.415144 0.17 
0 15 18 19 22 -360 1 0.358743 0.1 
1 18 3 22 4 58 1 0.31275 0.86 
1 3 9 4 10 4 -1 0.347722 0.195 
3 3 0 22 7 16529 1 0.398674 0.555 
2 15 9 16 10 147 -1 0.35136 0.28 
1 0 6 13 7 -48 1 0.393172 0.195 
1 0 3 7 4 19 -1 0.392639 0.24 
1 12 18 19 19 -20 -1 0.41713 0.71 
4 9 3 10 4 4 -1 0.359949 0.185 
3 18 0 22 1 413 1 0.415656 0.525 
0 6 0 7 19 -63 1 0.430885 0.085 
1 6 9 22 13 483 -1 0.38288 0.245 
0 6 9 10 13 30 -1 0.422905 0.38 
0 3 18 13 22 -649 1 0.387873 0.185 
4 3 0 10 4 874 1 0.373694 0.87 
0 0 18 4 19 -87 1 0.369445 0.07 
2 6 3 10 4 222 -1 0.419931 0.755 
0 3 15 4 22 34 -1 0.350017 0.1 
1 0 0 7 7 -73 1 0.359257 0.45 
4 21 3 22 10 56 -1 0.404328 0.08 
1 0 0 10 4 -338 -1 0.422744 0.695 
3 0 3 1 7 307 1 0.373462 0.32 
2 0 3 1 4 81 -1 0.368393 0.5 
0 15 3 19 19 997 -1 0.431189 0.09 
3 3 3 16 7 7330 1 0.379151 0.655 
2 6 9 10 10 546 -1 0.415502 0.345 
0 9 9 10 16 -56 1 0.405811 0.11 
4 3 0 13 7 1375 1 0.400715 0.85 
1 15 3 16 4 4 -1 0.387504 0.19 
2 6 0 7 4 254 -1 0.431869 0.685 
2 0 0 7 1 280 1 0.357448 0.115 
1 0 0 13 10 1468 1 0.41544 0.75 
4 3 0 4 10 -99 1 0.371132 0.07 
1 0 12 7 13 -11 -1 0.396319 0.63 
0 12 15 16 19 111 -1 0.347995 0.175 
0 12 15 16 22 -251 1 0.442157 0.185 
4 0 15 10 16 31 1 0.425996 0.68 
0 6 3 10 7 -119 1 0.41779 0.275 
0 6 9 7 19 44 -1 0.394875 0.09 
1 9 3 22 7 168 1 0.391428 0.575 
0 3 9 4 22 -69 1 0.373215 0.09 
1 15 15 16 16 2 1 0.376631 0.63 
4 15 12 19 16 265 -1 0.384834 0.125 
0 9 12 10 13 9 -1 0.407714 0.145 
1 0 15 13 19 -1336 -1 0.321341 0.84 
1 15 21 22 22 -25 1 0.324374 0.21 
1 9 3 10 10 27 -1 0.438713 0.39 
1 0 18 4 19 -7 -1 0.434285 0.585 
4 3 15 4 19 -37 1 0.382096 0.075 
4 3 6 10 13 -906 -1 0.420579 0.84 
4 9 15 16 16 -60 1 0.354352 0.145 
1 3 0 19 1 -35 1 0.414468 0.32 
2 6 18 10 22 2493 1 0.429088 0.66 
0 15 0 16 19 71 -1 0.331942 0.11 
3 18 15 22 16 294 -1 0.412141 0.575 
4 9 6 13 7 57 -1 0.392637 0.08 
4 15 0 19 10 334 -1 0.399346 0.205 
1 12 0 19 7 1139 1 0.380748 0.795 
0 9 6 10 16 -163 1 0.349771 0.075 
4 3 3 10 10 349 1 0.425657 0.67 
2 15 6 16 7 64 1 0.404801 0.305 
1 0 21 4 22 -10 -1 0.388536 0.695 
4 6 6 7 10 16 -1 0.369837 0.145 
1 9 9 19 13 30 -1 0.406816 0.45 
0 0 15 4 22 329 -1 0.347532 0.14 
4 12 3 16 13 -232 1 0.404563 0.21 
1 0 6 10 7 26 1 0.369169 0.72 
0 9 0 16 4 818 -1 0.373128 0.105 
1 3 3 16 4 25 -1 0.395375 0.24 
0 12 9 13 13 -17 1 0.381076 0.125 
1 15 3 19 7 118 1 0.415564 0.67 
0 15 0 19 1 -39 1 0.361584 0.185 
0 9 0 16 1 72 -1 0.432887 0.23 
4 21 9 22 16 -56 1 0.430441 0.105 
1 3 9 22 13 449 -1 0.383972 0.28 
1 21 9 22 10 2 1 0.415896 0.62 
4 0 15 7 19 -469 1 0.39789 0.125 
2 9 18 10 19 74 -1 0.378062 0.59 
2 0 18 1 22 495 1 0.382927 0.535 
4 0 21 4 22 28 -1 0.413503 0.2 
3 0 3 7 4 457 -1 0.429419 0.67 
3 0 12 1 13 48 1 0.40946 0.14 
1 18 3 19 4 10 1 0.384182 0.825 
0 0 6 1 19 25 -1 0.395719 0.145 
0 9 3 10 13 -28 1 0.352577 0.21 
0 3 9 7 16 159 -1 0.405757 0.21 
4 6 6 13 13 1068 1 0.390845 0.835 
4 12 9 13 16 30 -1 0.355091 0.21 
0 0 6 4 16 -411 1 0.362782 0.145 
3 15 3 19 7 1895 1 0.392738 0.57 
0 0 12 4 19 508 -1 0.359038 0.085 
1 3 12 4 13 -5 -1 0.349225 0.72 
4 3 3 7 7 -188 1 0.352159 0.175 
1 3 3 19 13 880 -1 0.435648 0.275 
0 18 0 19 16 64 -1 0.427784 0.16 
0 9 12 16 19 -492 1 0.364258 0.2 
1 12 6 13 10 102 1 0.383152 0.83 
0 9 18 16 19 87 -1 0.359745 0.17 
1 3 3 10 4 -1 -1 0.4039 0.445 
2 3 0 4 1 83 1 0.432651 0.425 
1 9 12 16 13 -21 1 0.42503 0.215 
2 9 0 10 4 209 -1 0.369324 0.81 
4 9 21 13 22 -80 1 0.375729 0.06 
4 0 3 10 10 1153 1 0.382271 0.82 
1 9 21 22 22 66 -1 0.38554 0.175 
0 0 6 4 10 -198 1 0.406613 0.15 
4 12 3 16 10 400 1 0.40705 0.835 
1 6 3 13 4 100 -1 0.409802 0.065 
1 15 15 22 16 -86 -1 0.384611 0.84 
4 9 3 13 4 -54 1 0.390322 0.075 
4 0 3 1 4 -12 -1 0.428122 0.9 
0 3 12 4 19 51 -1 0.405627 0.055 
1 6 6 10 7 -9 1 0.403137 0.275 
3 6 0 10 1 238 -1 0.413047 0.715 
0 21 12 22 19 -101 1 0.341318 0.015 
1 0 6 4 10 -424 -1 0.38776 0.815 
0 3 6 4 16 -60 1 0.410134 0.085 
4 3 0 7 10 -517 1 0.392182 0.15 
0 18 15 19 19 9 -1 0.435998 0.205 
2 9 15 13 19 1036 -1 0.436068 0.705 
0 18 15 19 22 -77 1 0.393488 0.075 
1 0 3 19 7 -207 1 0.366586 0.42 
2 9 12 10 13 132 1 0.365823 0.58 
3 6 0 10 4 3040 -1 0.354655 0.17 
1 15 0 16 7 -98 1 0.404458 0.27 
1 3 3 4 10 -148 -1 0.376994 0.8 
0 15 15 19 16 -72 1 0.420395 0.14 
0 0 9 4 19 -865 1 0.424035 0.085 
3 6 6 7 10 641 1 0.383772 0.7 
1 12 15 13 19 24 -1 0.435546 0.34 
0 0 3 4 22 -687 1 0.466311 0.13 
1 9 9 22 10 -65 -1 0.4468 0.815 
1 0 21 16 22 -142 1 0.403064 0.075 
1 18 15 22 16 -15 -1 0.39695 0.68 
1 3 21 22 22 68 -1 0.435872 0.195 
0 6 0 7 4 -19 1 0.417719 0.105 
1 15 0 19 7 604 1 0.398986 0.795 
0 3 15 13 19 1541 -1 0.392754 0.02 
1 0 3 22 10 -1595 -1 0.39077 0.675 
1 3 3 19 10 673 1 0.400966 0.685 
0 3 21 7 22 82 -1 0.39485 0.105 
4 15 3 16 13 -6 1 0.419042 0.345 
0 9 9 16 10 5 -1 0.397845 0.46 
0 9 3 10 22 -35 1 0.429163 0.22 
4 18 3 19 13 204 -1 0.407435 0.04 
0 3 3 7 10 -996 -1 0.416724 0.92 
0 9 15 10 19 16 -1 0.379651 0.185 
0 3 0 7 13 -441 1 0.418711 0.16 
1 3 6 7 13 133 -1 0.399868 0.275 
0 0 15 4 16 70 -1 0.411589 0.11 
4 3 0 13 1 96 1 0.374387 0.845 
1 6 3 22 4 178 -1 0.386921 0.09 
2 6 0 10 4 2474 1 0.426188 0.675 
0 21 9 22 13 21 -1 0.438506 0.09 
3 9 0 10 7 358 -1 0.415631 0.79 
0 21 12 22 16 -35 1 0.367784 0.055 
1 6 9 19 16 96 -1 0.406634 0.37 
2 9 3 10 16 1684 1 0.444006 0.62 
4 15 9 16 16 -33 1 0.444609 0.115 
1 6 12 7 13 1 -1 0.446784 0.34 
4 0 15 7 16 27 -1 0.483393 0.235 
1 3 3 10 10 526 1 0.440488 0.74 
1 9 3 22 4 -89 1 0.443121 0.15 
0 0 0 7 4 -231 1 0.397756 0.245 
2 0 3 7 10 4428 -1 0.445706 0.445 
3 0 12 16 13 2467 1 0.422682 0.7 
3 0 9 1 10 51 1 0.396207 0.165 
3 6 0 16 1 713 -1 0.431014 0.615 
0 3 6 4 19 92 -1 0.41087 0.035 
1 0 3 22 7 -203 1 0.376589 0.43 
4 0 6 7 7 8 -1 0.401569 0.42 
4 6 0 13 7 555 -1 0.381255 0.225 
4 9 0 13 4 -286 1 0.428123 0.125 
1 18 6 19 10 -31 -1 0.418756 0.625 
0 0 3 1 22 28 -1 0.377839 0.175 
0 18 3 19 22 34 -1 0.386894 0.18 
4 6 3 13 4 30 -1 0.39055 0.255 
2 6 21 10 22 728 1 0.409487 0.73 
0 9 21 13 22 -78 1 0.400866 0.135 
1 3 6 7 10 53 1 0.396341 0.615 
4 0 6 4 7 58 -1 0.437026 0.065 
4 3 12 13 16 872 1 0.441253 0.84 
0 0 9 4 22 -898 1 0.408105 0.095 
1 0 3 13 4 33 -1 0.410366 0.245 
0 21 6 22 19 -53 1 0.440798 0.09 
0 12 12 13 16 -64 -1 0.38503 0.945 
0 6 18 13 22 -1160 1 0.374667 0.06 
4 9 0 10 10 -7 1 0.434819 0.405 
0 12 0 13 4 1 -1 0.450615 0.415 
1 0 3 1 13 45 -1 0.412855 0.29 
3 6 3 10 7 2215 1 0.467795 0.65 
3 0 0 10 4 4419 -1 0.423723 0.45 
3 3 0 4 4 314 1 0.413791 0.355 
3 0 0 19 4 6623 -1 0.465924 0.54 
0 9 18 16 22 441 -1 0.40491 0.095 
4 6 0 13 1 -13 -1 0.420558 0.58 
4 0 9 1 16 6 -1 0.436817 0.3 
0 18 0 19 7 8 -1 0.417896 0.33 
1 12 15 19 16 -38 1 0.409647 0.205 
1 9 3 19 7 174 1 0.389652 0.62 
0 21 0 22 7 13 -1 0.37521 0.175 
1 3 12 7 13 1 -1 0.440065 0.415 
2 18 3 19 7 290 1 0.423431 0.4 
0 3 6 4 13 -31 1 0.38773 0.125 
1 0 6 7 7 -7 1 0.35154 0.35 
0 6 18 7 22 35 -1 0.425891 0.08 
2 12 0 13 13 1126 -1 0.373347 0.47 
0 18 21 19 22 -7 1 0.433274 0.14 
1 6 6 19 13 -287 -1 0.397334 0.535 
4 21 3 22 7 -76 1 0.382542 0.03 
1 6 3 22 10 714 1 0.413787 0.7 
4 15 3 16 7 -12 1 0.42928 0.23 
1 6 0 19 10 290 -1 0.423747 0.425 
0 9 15 13 16 5 -1 0.463244 0.36 
4 12 3 13 10 15 -1 0.426015 0.285 
0 15 18 19 19 -138 1 0.459471 0.07 
1 3 3 10 7 64 1 0.395823 0.58 
1 0 0 1 1 3 1 0.409378 0.675 
4 18 9 19 16 64 -1 0.405325 0.115 
4 3 3 4 10 -11 -1 0.42385 0.695 
0 3 0 4 10 -43 1 0.425042 0.085 
0 6 15 7 22 28 -1 0.437208 0.115 
1 0 0 16 10 3209 1 0.389089 0.89 
4 9 0 16 7 387 -1 0.386548 0.265 
4 6 12 7 16 17 -1 0.402428 0.13 
1 15 6 19 13 164 -1 0.401215 0.285 
0 6 6 10 19 -178 1 0.422153 0.26 
1 6 9 13 10 27 1 0.388446 0.73 
4 3 15 13 16 -51 1 0.377889 0.225 
1 6 9 13 13 -31 -1 0.441264 0.52 
1 9 21 19 22 -92 1 0.416218 0.1 
4 9 6 10 13 -27 1 0.382397 0.205 
4 6 6 10 13 -750 -1 0.42137 0.88 
4 6 18 10 19 30 -1 0.399815 0.14 
4 3 9 13 10 -26 -1 0.380235 0.645 
0 15 6 19 13 423 -1 0.422474 0.115 
0 12 9 13 19 26 -1 0.431629 0.145 
2 9 9 10 16 925 1 0.406942 0.61 
0 6 0 7 7 -27 1 0.410714 0.135 
0 6 9 10 16 208 -1 0.385788 0.22 
1 3 3 22 13 1099 -1 0.439424 0.265 
3 3 15 7 16 183 -1 0.429242 0.84 
0 15 15 19 22 -1197 1 0.372054 0.04 
3 0 0 1 7 606 1 0.412125 0.395 
2 0 0 4 1 311 -1 0.376545 0.58 
1 6 0 19 1 -78 1 0.404759 0.18 
1 6 9 13 16 -454 -1 0.406496 0.635 
0 9 12 16 22 -2593 1 0.415313 0.06 
1 12 12 16 16 369 1 0.43425 0.865 
0 15 9 19 22 1604 -1 0.421463 0.045 
1 3 3 19 7 425 1 0.448633 0.665 
4 21 12 22 13 -15 1 0.429248 0.045 
1 3 3 13 10 -573 -1 0.425071 0.625 
1 6 3 16 7 -714 1 0.460977 0.17 
1 9 0 13 7 5 -1 0.451637 0.46 
1 3 0 4 7 -22 1 0.457055 0.395 
1 15 21 19 22 -37 1 0.421961 0.115 
1 12 15 22 19 -576 -1 0.399181 0.74 
3 18 0 22 4 1661 1 0.423353 0.505 
4 3 15 7 16 26 -1 0.440898 0.155 
2 9 18 13 19 215 -1 0.455701 0.805 
1 0 3 16 4 176 -1 0.369377 0.09 
0 6 6 10 16 -165 1 0.392203 0.25 
0 6 12 13 16 -116 -1 0.355359 0.63 
0 9 0 10 1 -3 1 0.440549 0.2 
1 21 0 22 1 -4 -1 0.469599 0.75 
2 0 21 1 22 204 -1 0.414818 0.215 
1 3 3 13 13 501 -1 0.433756 0.27 
2 0 0 7 4 2616 1 0.429542 0.505 
0 15 3 16 10 -32 1 0.430396 0.075 
2 6 0 7 1 56 -1 0.391364 0.735 
0 3 21 10 22 -263 1 0.466018 0.09 
0 6 9 13 16 85 -1 0.466906 0.405 
0 3 15 13 22 -1613 1 0.472005 0.14 
4 6 12 13 16 611 1 0.41974 0.835 
0 6 21 7 22 11 -1 0.444119 0.05 
4 3 0 10 7 726 1 0.383802 0.76 
1 12 3 16 7 -203 1 0.437565 0.24 
0 9 3 10 16 -70 1 0.430417 0.165 
0 6 6 13 10 -57 -1 0.415445 0.58 
3 0 6 1 10 643 -1 0.486942 0.235 
0 15 0 19 7 347 -1 0.450973 0.14 
4 0 3 10 7 -1133 -1 0.418015 0.86 
4 3 12 4 16 -38 1 0.483749 0.1 
1 6 9 16 13 168 -1 0.449674 0.345 
1 12 9 13 13 17 1 0.414419 0.64 
1 9 18 16 19 -23 1 0.483152 0.24 
4 0 18 1 19 -3 -1 0.472727 0.725 
0 15 12 16 22 59 -1 0.478387 0.075 
1 9 0 10 4 -11 -1 0.445208 0.57 
3 0 0 10 1 1198 1 0.462857 0.585 
1 6 21 13 22 57 -1 0.441338 0.095 
1 12 3 19 10 -445 -1 0.439134 0.68 
3 15 9 19 10 459 -1 0.458917 0.4 
1 0 3 7 10 -13 1 0.427069 0.535 
0 3 6 13 16 788 -1 0.413282 0.22 
1 15 12 22 13 3 -1 0.419587 0.41 
1 6 3 19 4 162 -1 0.438886 0.09 
3 0 3 16 7 8580 1 0.4035 0.64 
2 3 21 7 22 542 -1 0.412886 0.405 
0 0 18 7 22 -665 1 0.456408 0.075 
3 9 18 19 19 1821 1 0.406974 0.74 
0 21 6 22 22 -39 1 0.357919 0.12 
0 21 0 22 10 12 -1 0.452659 0.23 
1 6 9 7 16 2 -1 0.48832 0.44 
0 0 3 1 16 10 -1 0.456453 0.295 
0 12 3 13 10 66 -1 0.47398 0.075 
3 3 9 13 13 2505 -1 0.43834 0.765 
3 0 0 7 7 3868 1 0.406665 0.335 
4 18 21 19 22 -5 1 0.436569 0.155 
4 15 12 16 13 2 -1 0.476925 0.27 
1 21 6 22 7 8 1 0.484214 0.815 
4 3 6 7 13 356 -1 0.451077 0.12 
1 21 0 22 10 96 1 0.462612 0.79 
1 0 0 19 1 -38 1 0.477296 0.32 
0 15 6 19 7 -48 1 0.486877 0.2 
2 12 3 13 7 216 -1 0.449541 0.795 
4 6 15 10 16 -49 1 0.442523 0.125 
1 0 15 19 16 -56 1 0.451608 0.29 
1 0 9 22 16 -5250 -1 0.386179 0.89 
0 18 6 19 16 72 -1 0.411764 0.1 
1 3 21 16 22 -136 1 0.427107 0.08 
1 6 3 13 10 819 1 0.436777 0.825 
1 0 3 13 10 -545 -1 0.471097 0.58 
1 15 3 19 4 -41 1 0.40089 0.1 
1 0 6 19 13 -264 -1 0.509304 0.495 
0 3 18 4 22 38 -1 0.460402 0.075 
0 9 3 13 10 -91 -1 0.446366 0.685 
0 15 3 19 10 362 -1 0.435321 0.125 
0 0 3 1 19 51 -1 0.434028 0.105 
1 21 18 22 19 2 1 0.450329 0.7 
0 9 3 16 19 -508 1 0.439502 0.265 
0 0 3 4 16 -646 1 0.454645 0.13 
1 3 0 16 4 41 -1 0.472955 0.465 
0 3 3 4 10 21 -1 0.398488 0.125 
1 0 6 16 13 -464 -1 0.448553 0.535 
3 0 18 4 19 832 -1 0.464034 0.15 
2 6 0 10 7 4381 1 0.399961 0.705 
1 6 15 16 19 426 -1 0.4279 0.265 
4 0 18 10 19 -22 -1 0.476206 0.63 
1 9 12 16 16 -227 1 0.483079 0.305 
1 3 3 4 7 0 1 0.4429 0.48 
0 21 0 22 16 62 -1 0.433615 0.07 
1 12 6 13 13 -5 1 0.49149 0.48 
1 12 12 19 16 -168 -1 0.422394 0.62 
4 9 0 16 10 2072 -1 0.452232 0.095 
1 6 0 7 1 9 1 0.445942 0.865 
4 9 21 16 22 61 -1 0.414813 0.125 
1 12 9 19 10 -29 -1 0.473227 0.825 
0 9 21 16 22 -269 1 0.461002 0.09 
1 3 6 4 7 0 1 0.478583 0.435 
0 0 3 4 4 -52 1 0.474334 0.175 
1 9 21 13 22 46 -1 0.425893 0.09 
0 12 12 13 19 -97 -1 0.398932 0.94 
0 21 0 22 22 -146 1 0.462042 0.035 
1 3 6 13 13 740 -1 0.471213 0.21 
1 0 9 4 13 604 1 0.442632 0.915 
0 0 15 4 19 -485 1 0.425474 0.055 
1 6 0 7 7 97 1 0.439136 0.72 
0 9 12 10 22 -28 1 0.429444 0.16 
0 9 18 10 22 6 -1 0.458806 0.3 
1 6 3 22 7 -136 1 0.451322 0.425 
0 6 0 10 10 -165 1 0.462118 0.285 
0 21 6 22 16 -162 1 0.469233 0.015 
3 3 0 10 7 2250 -1 0.375315 0.845 
1 18 3 19 13 77 -1 0.391421 0.225 
1 3 21 7 22 2 1 0.488211 0.54 
3 12 9 22 10 848 1 0.429158 0.455 
2 9 0 13 10 4034 -1 0.465108 0.43 
3 3 0 7 1 456 1 0.487383 0.595 
1 3 0 19 4 1050 -1 0.445081 0.205 
0 0 3 4 10 -680 1 0.503225 0.065 
4 3 3 10 7 388 1 0.420438 0.8 
0 3 3 4 19 113 -1 0.467731 0.05 
4 0 6 4 10 -98 -1 0.426132 0.715 
4 6 6 13 10 -385 -1 0.498726 0.805 
0 3 3 13 4 601 -1 0.413571 0.015 
1 9 0 19 7 1397 1 0.448374 0.805 
4 18 0 19 10 82 -1 0.445642 0.155 
0 3 3 4 16 -56 1 0.429348 0.12 
0 6 0 13 1 6 -1 0.40977 0.445 
0 0 3 10 22 -2464 1 0.411497 0.12 
1 3 3 13 7 -222 1 0.473054 0.345 
0 15 21 19 22 -52 1 0.47184 0.165 
1 12 9 16 13 -9 -1 0.477281 0.53 
0 3 3 4 7 3 -1 0.426178 0.345 
2 3 15 4 16 163 1 0.458545 0.7 
1 9 12 19 13 -36 1 0.444049 0.225 
1 6 12 16 13 47 -1 0.459762 0.17 
4 9 12 16 16 1576 1 0.450077 0.95 
0 0 0 1 1 5 -1 0.424039 0.125 
0 6 0 7 13 -36 1 0.484799 0.145 
0 3 15 4 16 -4 1 0.501598 0.135 
1 12 3 13 13 342 1 0.41053 0.905 
1 9 3 10 13 112 -1 0.473859 0.185 
0 18 3 19 10 33 -1 0.506566 0.14 
0 0 9 1 22 14 -1 0.484347 0.215 
4 9 9 13 16 86 1 0.502912 0.575 
0 12 3 13 19 53 -1 0.443411 0.13 
2 9 12 13 16 1650 1 0.451618 0.54 
3 15 0 16 4 423 -1 0.415526 0.42 
0 15 0 19 13 -1444 1 0.40776 0.035 
1 3 18 4 19 -14 -1 0.418313 0.86 
0 3 12 4 22 -52 1 0.433139 0.075 
0 3 6 7 7 -142 -1 0.420292 0.895 
0 0 15 7 16 38 -1 0.429639 0.31 
0 6 0 10 13 -213 1 0.418637 0.26 
0 3 9 13 16 463 -1 0.478787 0.265 
0 9 15 10 16 -10 1 0.438889 0.095 
3 6 0 22 7 14329 1 0.462982 0.57 
3 6 0 7 4 718 -1 0.455214 0.225 
1 6 0 10 7 -323 -1 0.429501 0.68 
3 3 0 4 1 87 1 0.462313 0.48 
3 6 0 19 4 5256 -1 0.469442 0.46 
1 15 3 22 4 -54 1 0.443585 0.135 
4 0 9 1 10 -17 -1 0.48585 0.885 
0 3 18 13 19 432 -1 0.443906 0.04 
4 0 0 10 7 -2156 -1 0.472749 0.865 
1 12 21 22 22 -42 1 0.46758 0.155 
1 6 21 22 22 41 -1 0.45995 0.245 
1 0 12 1 16 102 1 0.471166 0.875 
0 0 9 1 16 46 -1 0.457546 0.07 
0 0 3 4 13 -525 1 0.424573 0.14 
0 12 0 13 16 -44 -1 0.437381 0.855 
4 9 12 16 13 -76 1 0.440942 0.12 
4 0 6 1 10 9 -1 0.495907 0.3 
1 3 3 19 4 22 -1 0.462276 0.285 
2 9 0 13 1 547 1 0.44895 0.625 
3 15 6 19 7 432 -1 0.432323 0.39 
0 15 9 16 19 22 -1 0.432839 0.155 
3 15 3 16 4 140 1 0.423021 0.665 
0 0 21 10 22 -472 1 0.430641 0.04 
4 6 0 10 4 -265 -1 0.449477 0.8 
4 0 0 7 7 -1109 1 0.438869 0.095 
0 0 3 7 19 -1290 -1 0.482376 0.82 
2 12 3 13 13 980 -1 0.426407 0.435 
3 3 3 10 7 1932 1 0.399283 0.28 
0 0 12 4 16 -61 1 0.467659 0.26 
2 0 9 7 10 652 -1 0.464894 0.46 
1 9 3 22 10 -823 -1 0.450996 0.67 
4 21 9 22 13 -98 1 0.432574 0.02 
0 12 0 13 22 -80 -1 0.432055 0.865 
0 0 3 1 4 3 -1 0.456266 0.195 
4 9 9 16 13 310 -1 0.467738 0.245 
2 0 9 4 10 433 1 0.474729 0.545 
1 9 3 16 7 103 1 0.439522 0.595 
4 3 6 4 10 6 -1 0.419308 0.355 
0 15 3 19 22 1983 -1 0.422309 0.045 
3 21 12 22 13 60 -1 0.465081 0.715 
1 9 3 10 4 17 -1 0.460874 0.06 
2 3 12 7 13 627 1 0.462096 0.69 
2 0 12 4 16 2887 -1 0.471605 0.195 
1 3 6 19 13 -14 -1 0.442611 0.44 
0 6 0 7 1 -4 1 0.487681 0.135 
3 3 6 4 10 203 -1 0.505456 0.81 
1 3 9 7 16 758 -1 0.422946 0.105 
1 0 6 4 7 0 1 0.467475 0.435 
0 3 0 4 7 28 -1 0.447584 0.115 
4 0 15 1 19 -45 -1 0.455323 0.875 
4 3 6 7 7 8 -1 0.508927 0.355 
0 18 12 19 16 1 -1 0.508316 0.475 
0 15 15 16 19 13 -1 0.486647 0.145 
0 6 12 7 16 0 -1 0.44883 0.49 
1 3 21 4 22 -5 -1 0.473737 0.705 
0 3 12 13 22 -4322 1 0.437449 0.05 
1 6 0 22 1 102 1 0.412367 0.8 
2 6 9 10 13 2194 -1 0.501702 0.345 
3 3 3 4 7 276 1 0.45908 0.295 
2 12 0 13 4 398 -1 0.442925 0.475 
1 12 0 22 4 228 1 0.457691 0.61 
1 9 3 16 10 276 -1 0.474079 0.335 
1 6 3 16 10 985 1 0.468824 0.795 
0 15 0 19 16 -1843 1 0.389183 0.035 
4 9 3 13 10 -91 -1 0.449643 0.61 
0 3 0 4 19 -60 1 0.434612 0.125 
0 12 9 13 22 25 -1 0.44457 0.155 
1 9 3 19 10 -611 -1 0.42725 0.66 
4 21 0 22 7 16 -1 0.465723 0.22 
2 0 21 4 22 197 1 0.461773 0.17 
2 0 6 7 16 6044 -1 0.468853 0.465 
3 6 0 7 7 785 1 0.471661 0.535 
0 9 3 16 4 163 -1 0.456803 0.125 
4 6 9 7 16 21 -1 0.501869 0.185 
4 9 0 13 10 -175 -1 0.467162 0.72 
1 12 21 19 22 -86 1 0.422052 0.075 
1 6 3 16 13 2266 1 0.441485 0.895 
1 0 3 22 13 2237 -1 0.46673 0.16 
0 3 18 4 19 5 -1 0.501839 0.14 
1 3 9 22 10 -124 -1 0.430142 0.86 
1 3 0 22 1 -78 1 0.452816 0.23 
1 6 9 16 10 26 1 0.465189 0.665 
0 9 0 10 16 -54 1 0.470025 0.195 
1 3 9 7 10 15 -1 0.478058 0.18 
1 3 0 16 1 7 1 0.464096 0.535 
0 0 6 1 16 26 -1 0.484367 0.125 
3 9 3 10 4 48 -1 0.419346 0.825 
0 3 6 4 10 35 -1 0.41092 0.065 
2 18 3 19 4 95 1 0.473254 0.515 
3 12 6 22 7 1049 -1 0.475463 0.38 
2 18 9 19 13 650 1 0.449625 0.71 
1 15 9 22 13 167 -1 0.473285 0.29 
0 0 18 10 22 -1925 1 0.44887 0.04 
1 0 12 4 13 69 1 0.418753 0.93 
3 0 6 1 7 165 -1 0.450334 0.2 
0 9 0 13 1 -6 -1 0.472122 0.555 
0 3 0 10 4 5 1 0.433602 0.48 
0 3 0 10 22 831 -1 0.474576 0.235 
3 6 0 16 4 4138 -1 0.454931 0.46 
2 6 18 7 22 430 1 0.442086 0.52 
1 3 21 13 22 -73 1 0.466176 0.14 
0 15 3 19 16 155 -1 0.477113 0.265 
2 0 6 1 22 2040 -1 0.47107 0.38 
2 0 3 7 4 687 1 0.473246 0.545 
1 9 21 10 22 4 -1 0.464399 0.195 
2 0 0 4 4 1039 -1 0.457776 0.68 
1 3 15 19 16 -131 1 0.469696 0.135 
3 15 0 16 7 1114 1 0.447549 0.695 
3 18 6 19 7 146 -1 0.436272 0.29 
1 9 9 13 10 7 1 0.510905 0.64 
2 0 12 4 19 2708 1 0.47815 0.5 
1 6 0 19 7 1174 1 0.456656 0.73 
1 3 3 22 4 179 -1 0.426363 0.105 
0 0 3 1 13 24 -1 0.485577 0.14 
2 12 3 13 4 64 -1 0.446897 0.66 
3 15 6 16 10 238 1 0.43999 0.165 
0 9 0 10 13 -62 1 0.451371 0.165 
4 12 9 16 16 -75 1 0.475817 0.35 
4 15 0 16 7 75 1 0.415705 0.915 
4 12 0 13 4 42 -1 0.456521 0.065 
1 6 6 7 10 -6 1 0.434897 0.445 
1 0 6 22 10 -713 -1 0.451316 0.655 
0 12 3 13 16 75 -1 0.464567 0.105 
0 15 6 16 13 12 -1 0.481013 0.225 
1 12 0 22 7 1070 1 0.496078 0.73 
0 3 21 4 22 29 -1 0.437875 0.025 
0 15 0 16 4 3 -1 0.500592 0.37 
1 12 3 22 4 -42 1 0.448197 0.205 
2 3 12 7 19 4487 1 0.445546 0.7 
1 0 15 7 16 48 -1 0.432944 0.135 
3 3 0 19 4 6753 -1 0.473698 0.45 
2 9 6 10 10 528 1 0.489641 0.61 
1 6 18 10 19 18 -1 0.451431 0.2 
4 0 6 10 10 -96 1 0.462198 0.42 
1 6 6 7 13 -11 -1 0.477096 0.465 
0 0 3 7 4 -219 1 0.419575 0.11 
3 0 6 7 7 686 -1 0.445135 0.435 
3 6 3 13 7 2259 1 0.426983 0.37 
1 15 15 16 19 0 -1 0.471265 0.475 
4 0 15 4 16 8 -1 0.438485 0.32 
0 3 0 10 1 76 1 0.471747 0.74 
0 9 18 13 19 34 -1 0.488169 0.215 
4 3 0 13 4 -236 -1 0.449754 0.655 
0 6 12 7 19 -39 1 0.435548 0.065 
4 6 3 10 13 -1618 -1 0.460584 0.93 
1 3 21 19 22 -128 1 0.422685 0.11 
1 0 21 19 22 15 -1 0.518967 0.36 
3 9 0 22 7 12539 1 0.481454 0.61 
1 9 15 19 16 -63 1 0.458741 0.195 
1 6 0 16 1 -16 1 0.491799 0.365 
1 9 6 16 10 -796 -1 0.461133 0.88 
4 12 18 16 19 37 -1 0.440084 0.14 
2 9 3 13 10 2955 -1 0.464201 0.415 
3 3 3 22 7 7826 1 0.488812 0.54 
4 6 21 7 22 -3 1 0.46692 0.24 
0 21 9 22 16 -31 1 0.481623 0.105 
1 6 15 19 19 -748 -1 0.460305 0.745 
0 12 0 16 10 682 -1 0.489991 0.095 
0 12 6 16 10 293 1 0.480665 0.87 
4 6 21 13 22 -147 1 0.452071 0.06 
1 0 6 13 13 -595 -1 0.435467 0.57 
4 6 6 10 7 -53 1 0.476926 0.125 
3 3 9 19 10 2322 1 0.477951 0.67 
3 15 9 16 13 464 -1 0.481388 0.4 
1 12 6 13 7 0 1 0.480194 0.455 
0 9 0 16 13 1886 -1 0.479768 0.095 
3 0 0 7 4 4544 1 0.497871 0.69 
4 15 0 19 7 -836 1 0.423623 0.045 
3 18 12 22 13 348 -1 0.464124 0.49 
0 9 3 10 4 -27 -1 0.497047 0.885 
0 0 15 10 19 1388 -1 0.441694 0.055 
0 3 3 10 7 -55 1 0.470656 0.41 
4 3 0 4 4 -24 1 0.469806 0.145 
1 0 3 4 7 -19 1 0.452454 0.43 
2 0 9 7 22 5138 1 0.453715 0.145 
3 0 0 19 7 5492 -1 0.438486 0.89 
0 15 0 19 19 -2306 1 0.468223 0.035 
1 3 6 10 13 -138 -1 0.467356 0.505 
4 12 0 13 7 50 -1 0.511095 0.115 
0 12 6 13 16 2 -1 0.50911 0.46 
0 21 6 22 13 -54 1 0.53517 0.04 
1 12 9 22 10 -76 -1 0.466644 0.85 
4 3 18 4 19 -11 1 0.439063 0.06 
4 0 0 10 10 2246 1 0.50749 0.9 
3 21 3 22 4 35 1 0.46249 0.085 
4 0 9 1 13 -12 -1 0.493486 0.675 
1 0 3 19 4 58 -1 0.498549 0.235 
3 0 6 16 10 6185 -1 0.504697 0.485 
2 0 9 1 22 1166 1 0.399364 0.47 
2 0 3 1 7 231 -1 0.498546 0.76 
0 12 6 13 19 64 -1 0.467818 0.085 
2 3 0 4 4 389 1 0.484313 0.5 
1 0 0 19 4 -141 -1 0.459168 0.56 
0 15 6 16 19 55 -1 0.440125 0.105 
0 3 9 7 10 -17 -1 0.495876 0.675 
0 12 6 16 13 12 1 0.510887 0.505 
0 15 6 19 16 268 -1 0.493029 0.19 
1 3 0 19 7 1211 1 0.475083 0.71 
0 15 15 16 16 0 1 0.444497 0.455 
4 6 9 7 10 -7 1 0.492976 0.12 
1 3 9 13 13 151 -1 0.497838 0.35 
4 3 12 4 13 -3 1 0.48881 0.185 
0 15 6 16 16 48 -1 0.511656 0.105 
4 12 12 13 16 -74 -1 0.462706 0.94 
0 3 9 13 22 -5212 1 0.438577 0.045 
0 3 3 13 16 1222 -1 0.479236 0.185 
0 9 9 13 16 84 1 0.441101 0.67 
0 12 15 13 19 11 -1 0.454755 0.21 
1 0 3 1 4 -5 -1 0.451924 0.7 
1 0 9 4 10 1 -1 0.481434 0.405 
4 3 12 13 13 -29 1 0.450265 0.3 
4 15 0 16 10 146 1 0.470138 0.925 
0 3 0 13 10 4850 -1 0.395804 0.02 
0 9 6 16 7 270 1 0.461802 0.895 
0 18 6 19 10 37 -1 0.467303 0.105 
3 0 3 22 7 9117 1 0.520854 0.55 
0 15 3 16 22 47 -1 0.489781 0.135 
0 9 3 10 19 -124 1 0.455398 0.115 
1 0 6 10 10 222 1 0.432731 0.68 
0 21 9 22 10 2 -1 0.50305 0.215 
2 9 0 13 13 5168 -1 0.488077 0.44 
0 3 9 10 10 -122 -1 0.497023 0.8 
2 0 18 1 19 205 -1 0.457393 0.18 
3 3 18 10 19 915 1 0.419203 0.595 
3 12 0 16 4 1702 -1 0.516008 0.435 
4 6 3 7 10 -45 1 0.492143 0.12 
4 0 12 4 16 -218 1 0.517453 0.18 
1 0 0 4 7 121 1 0.518021 0.605 
0 21 12 22 22 135 -1 0.472855 0.035 
3 6 0 10 7 865 -1 0.472841 0.885 
3 15 0 19 7 2163 1 0.491901 0.33 
1 15 0 16 4 153 -1 0.5037 0.105 
1 6 3 13 13 -1003 -1 0.435569 0.735 
0 15 12 16 19 44 -1 0.497223 0.075 
2 9 15 13 16 277 -1 0.469314 0.625 
1 3 12 13 13 75 -1 0.462524 0.1 
1 18 6 22 7 2 1 0.495842 0.55 
0 0 0 1 22 15 -1 0.49791 0.28 
0 9 15 13 22 -42 -1 0.493209 0.59 
2 0 9 4 22 5348 1 0.464576 0.505 
3 3 6 4 7 81 -1 0.488217 0.53 
0 6 12 10 19 -272 1 0.438333 0.175 
4 9 0 13 1 4 -1 0.488085 0.395 
1 6 3 13 7 -180 1 0.491644 0.355 
3 3 0 10 1 396 -1 0.494089 0.745 
1 3 21 10 22 -89 1 0.482655 0.065 
3 18 0 19 7 898 1 0.478639 0.555 
0 0 0 10 7 -385 1 0.516489 0.31 
0 3 3 7 16 15 -1 0.51086 0.455 
0 6 6 7 19 -34 1 0.501996 0.1 
1 6 3 7 7 95 1 0.450874 0.83 
4 0 3 1 10 89 -1 0.471676 0.06 
0 0 9 10 10 70 1 0.46862 0.66 
4 9 15 16 19 653 -1 0.51107 0.075 
3 6 9 16 10 1643 1 0.467644 0.725 
1 0 18 1 19 -1 -1 0.497494 0.48 
4 0 3 1 7 -39 1 0.48984 0.08 
4 3 3 13 10 -86 -1 0.480226 0.53 
1 12 18 13 19 -3 1 0.439999 0.235 
3 9 9 10 13 493 -1 0.495612 0.38 
3 21 9 22 10 165 1 0.47709 0.695 
1 3 15 7 19 223 -1 0.480417 0.205 
0 9 15 16 19 -406 1 0.491445 0.205 
1 9 3 13 13 -35 -1 0.449598 0.46 
4 9 6 16 13 -206 1 0.5207 0.34 
1 6 6 10 13 673 1 0.476937 0.835 
1 6 15 19 16 -85 1 0.489317 0.18 
1 12 12 22 16 -1033 -1 0.502227 0.82 
0 6 15 10 16 -162 1 0.461482 0.06 
0 6 6 13 16 183 -1 0.457596 0.31 
1 3 0 13 4 13 -1 0.514835 0.465 
0 3 18 7 22 -204 1 0.489281 0.1 
1 0 0 13 7 846 1 0.474367 0.68 
4 6 15 13 16 -57 1 0.46528 0.165 
0 9 15 10 22 -14 1 0.508301 0.195 
0 15 0 19 4 211 -1 0.480429 0.165 
3 6 0 19 7 14026 1 0.473991 0.67 
4 12 6 13 13 34 -1 0.466339 0.17 
4 0 0 1 10 11 -1 0.481838 0.32 
2 9 0 13 4 1064 -1 0.482558 0.675 
2 18 0 19 7 443 1 0.470727 0.24 
4 0 3 4 7 -52 -1 0.480278 0.615 
1 3 15 19 19 -58 -1 0.473632 0.5 
0 0 12 1 19 34 -1 0.507533 0.085 
0 3 6 7 13 -657 -1 0.466951 0.89 
1 9 0 22 1 -43 1 0.468666 0.235 
0 21 0 22 4 5 -1 0.462161 0.275 
2 6 15 10 22 1309 -1 0.466108 0.875 
0 15 0 19 22 -2366 1 0.438265 0.04 
1 15 9 19 10 -3 -1 0.49966 0.56 
1 0 0 13 1 112 1 0.488117 0.86 
0 9 0 16 7 2162 -1 0.492924 0.035 
0 9 12 13 13 -26 1 0.503574 0.285 
2 18 0 19 4 373 1 0.474142 0.48 
2 12 0 13 10 923 -1 0.474188 0.455 
1 0 12 13 13 60 -1 0.471192 0.155 
4 0 6 1 13 -6 -1 0.505965 0.54 
1 0 21 22 22 -151 1 0.528657 0.1 
1 0 0 22 10 1834 1 0.444428 0.74 
1 3 3 16 13 1049 -1 0.505905 0.22 
1 6 9 10 16 330 1 0.524677 0.715 
3 21 0 22 1 194 -1 0.510562 0.165 
0 0 9 7 10 -309 -1 0.475644 0.905 
0 0 15 7 19 -482 1 0.492539 0.11 
0 6 21 10 22 10 -1 0.53364 0.345 
3 0 0 22 7 22067 1 0.493486 0.62 
0 12 15 16 16 -25 1 0.504266 0.245 
3 9 0 16 4 2968 -1 0.50256 0.435 
3 0 9 1 13 371 1 0.436003 0.445 
1 0 12 4 16 -164 1 0.505477 0.3 
4 3 3 7 10 -237 1 0.502077 0.235 
3 0 6 10 7 846 -1 0.504755 0.51 
2 0 9 4 19 4124 1 0.461937 0.505 
2 0 15 1 19 503 -1 0.491908 0.415 
1 3 6 22 13 -41 -1 0.508713 0.415 
4 18 6 19 13 62 -1 0.474822 0.135 
4 3 15 13 19 149 -1 0.54816 0.4 
1 9 18 13 19 -11 1 0.514767 0.27 
3 6 0 7 1 54 -1 0.504993 0.74 
0 0 0 10 1 -204 1 0.509301 0.165 
2 6 3 10 10 3791 1 0.523568 0.625 
1 18 21 19 22 -30 1 0.485332 0.02 
3 3 0 22 4 7059 -1 0.467168 0.505 
4 0 3 4 4 13 -1 0.499944 0.265 
4 0 0 10 4 -512 -1 0.502816 0.74 
0 6 9 10 10 69 -1 0.521543 0.17 
3 0 0 4 4 1839 1 0.489954 0.545 
4 0 0 1 4 -24 -1 0.535946 0.835 
2 0 3 4 10 3696 -1 0.495929 0.325 
0 3 9 10 19 -359 1 0.553809 0.22 
0 0 3 10 4 -294 -1 0.508712 0.825 
2 0 9 4 13 1117 1 0.492386 0.345 
0 18 0 19 22 16 -1 0.51862 0.32 
4 0 6 4 13 -469 1 0.503895 0.125 
4 6 9 13 10 68 1 0.488046 0.83 
1 9 6 10 10 13 -1 0.51996 0.35 
1 6 0 7 10 33 1 0.50934 0.61 
1 9 0 19 4 548 -1 0.491867 0.22 
4 0 9 7 10 -71 -1 0.522526 0.805 
4 3 3 10 4 69 -1 0.523929 0.155 
1 21 6 22 10 61 1 0.487674 0.78 
4 21 15 22 19 48 -1 0.465613 0.06 
3 12 15 13 16 90 -1 0.512913 0.49 
1 3 0 22 10 -672 -1 0.515021 0.545 
1 0 0 22 7 -1645 1 0.544375 0.26 
4 15 0 16 1 -4 -1 0.528078 0.765 
1 3 18 7 19 -38 1 0.488135 0.115 
3 9 0 16 1 479 -1 0.463949 0.635 
4 18 6 19 10 14 -1 0.473295 0.21 
0 9 6 10 13 -78 1 0.51046 0.115 
1 0 0 19 10 3488 1 0.458847 0.875 
3 15 6 19 10 1351 1 0.464652 0.4 
3 9 6 22 7 1380 -1 0.453949 0.4 
0 3 3 10 19 815 -1 0.527855 0.195 
2 0 0 1 4 546 1 0.548001 0.62 
0 21 6 22 7 -8 1 0.512788 0.08 
2 12 0 13 1 53 -1 0.514052 0.8 
0 0 21 7 22 479 -1 0.504376 0.03 
1 12 12 13 16 -5 1 0.500284 0.45 
1 9 15 13 19 -423 -1 0.483553 0.805 
3 9 3 10 7 236 1 0.486469 0.2 
2 12 15 13 22 538 -1 0.516266 0.56 
2 0 6 4 19 5290 1 0.523588 0.515 
3 0 6 19 7 2059 -1 0.509099 0.41 
3 3 3 19 7 7929 1 0.528307 0.595 
3 0 6 4 10 2899 -1 0.46106 0.205 
1 9 6 19 13 -900 -1 0.503987 0.715 
4 12 3 13 13 106 -1 0.517723 0.095 
4 6 0 10 7 285 1 0.540634 0.74 
3 0 3 1 4 29 1 0.493915 0.055 
2 9 3 13 4 248 -1 0.525041 0.725 
0 0 3 1 10 33 -1 0.519911 0.09 
3 3 3 7 7 1696 1 0.575036 0.555 
3 3 6 19 7 1748 -1 0.488877 0.41 
3 15 0 22 1 616 1 0.503658 0.45 
0 9 9 13 19 44 1 0.526462 0.605 
1 0 0 4 1 -13 1 0.509976 0.24 
1 6 3 7 13 -201 -1 0.474978 0.78 
1 3 9 4 16 -344 1 0.513886 0.08 
4 18 0 19 1 3 1 0.468013 0.72 
1 12 15 19 19 136 -1 0.5289 0.315 
1 3 12 16 13 87 -1 0.542759 0.11 
1 3 3 16 10 907 1 0.509429 0.73 
1 9 0 16 10 -26 -1 0.482951 0.47 
0 12 12 16 22 477 -1 0.483589 0.085 
2 3 15 7 19 2606 1 0.511453 0.705 
0 12 0 13 13 144 -1 0.46573 0.045 
3 12 18 22 19 821 -1 0.508742 0.57 
3 12 0 22 7 6695 1 0.493508 0.445 
1 0 9 16 10 45 -1 0.523656 0.255 
1 15 0 22 10 -126 1 0.512193 0.455 
0 12 18 13 22 12 -1 0.539404 0.145 
0 6 6 13 7 138 1 0.532601 0.83 
4 3 21 10 22 -70 1 0.466309 0.12 
3 6 0 13 4 2703 -1 0.521104 0.48 
3 12 15 19 16 494 1 0.504019 0.315 
1 18 6 22 10 -120 -1 0.517979 0.65 
1 0 0 7 10 -465 1 0.544703 0.36 
1 3 3 7 10 -176 -1 0.533802 0.62 
1 3 12 4 16 11 -1 0.536152 0.33 
0 15 3 16 19 74 -1 0.557999 0.12 
0 15 3 16 4 11 1 0.509907 0.88 
1 12 0 19 1 -55 1 0.499251 0.145 
1 0 0 13 4 -297 -1 0.497998 0.635 
0 15 3 16 7 -16 1 0.538734 0.12 
1 18 12 19 13 -16 -1 0.47735 0.915 
0 12 0 16 13 907 -1 0.456117 0.095 
4 9 18 13 19 -3 1 0.519601 0.4 
4 12 15 13 19 19 -1 0.527896 0.16 
4 12 9 16 13 183 1 0.540867 0.805 
0 6 15 7 16 7 -1 0.532815 0.105 
1 0 9 16 16 -2992 -1 0.487537 0.86 
4 6 6 7 7 24 -1 0.469824 0.03 
3 3 9 19 13 4286 -1 0.513565 0.74 
1 0 3 22 4 286 -1 0.507747 0.05 
1 3 9 16 13 -407 -1 0.526755 0.69 
0 3 12 4 16 -52 1 0.511341 0.045 
0 12 3 16 16 265 1 0.54691 0.795 
0 6 0 10 16 -325 1 0.535034 0.225 
0 3 3 10 22 644 -1 0.493192 0.24 
1 15 3 22 10 882 1 0.503869 0.805 
1 3 18 10 19 27 -1 0.512598 0.18 
0 18 12 19 19 13 -1 0.536384 0.245 
0 21 18 22 22 -5 -1 0.515096 0.61 
4 9 0 10 1 1 1 0.55171 0.59 
3 21 18 22 19 215 -1 0.533727 0.05 
2 12 12 13 13 148 1 0.434274 0.66 
2 6 9 7 10 152 -1 0.491358 0.295 
1 18 6 19 7 1 1 0.546369 0.57 
4 0 12 7 13 37 -1 0.578317 0.21 
1 18 15 22 19 1 1 0.506304 0.515 
4 18 0 19 7 -35 1 0.554143 0.175 
1 0 0 4 10 77 1 0.510264 0.61 
1 15 9 22 10 4 -1 0.495609 0.375 
0 0 3 7 13 -1584 -1 0.547171 0.87 
1 6 12 19 13 101 -1 0.510322 0.115 
0 0 3 10 7 -214 1 0.530315 0.36 
0 9 0 13 10 244 -1 0.49098 0.21 
1 3 0 10 1 -9 1 0.522894 0.345 
0 3 6 13 10 938 1 0.509266 0.85 
0 0 15 1 22 30 -1 0.51726 0.095 
0 3 15 13 16 80 -1 0.522922 0.265 
1 9 15 19 19 -558 -1 0.479176 0.745 
1 0 15 10 16 -8 1 0.536731 0.42 
1 0 9 22 13 1003 -1 0.514868 0.175 
1 0 9 1 13 104 1 0.508829 0.865 
0 6 12 10 22 -730 1 0.456199 0.095 
0 3 3 7 13 -813 -1 0.523412 0.885 
0 6 12 7 13 -6 1 0.503696 0.11 
0 3 0 7 7 -447 1 0.527133 0.12 
0 6 9 13 22 -69 -1 0.505848 0.53 
1 3 0 10 4 -267 -1 0.535769 0.72 
0 15 3 16 16 -53 1 0.476411 0.09 
1 0 0 19 7 962 1 0.500678 0.66 
1 0 9 7 10 16 -1 0.492997 0.24 
0 12 3 13 13 -11 1 0.542017 0.255 
1 18 0 19 1 1 1 0.512885 0.54 
1 6 6 13 13 514 -1 0.545342 0.23 
3 3 18 22 19 1370 -1 0.507572 0.645 
1 9 15 22 16 101 -1 0.496365 0.08 
0 0 3 7 10 -2160 -1 0.542948 0.935 
2 18 0 19 10 641 1 0.520424 0.245 
0 9 0 10 19 -90 1 0.49919 0.155 
1 6 6 10 10 308 1 0.522357 0.83 
0 21 3 22 7 -42 1 0.4952 0.035 
1 0 12 22 13 -77 -1 0.547987 0.745 
0 12 0 13 19 41 -1 0.523491 0.18 
0 6 9 10 19 629 -1 0.547972 0.135 
0 3 6 10 10 267 1 0.54027 0.72 
4 6 21 10 22 -34 1 0.525097 0.165 
3 6 3 16 7 5756 1 0.555114 0.675 
0 6 3 13 4 380 -1 0.496329 0.03 
1 3 0 16 7 1863 1 0.510342 0.815 
1 12 18 16 19 12 -1 0.492043 0.265 
4 15 3 19 10 77 -1 0.53169 0.385 
0 9 12 13 19 -102 1 0.522366 0.335 
1 9 12 22 13 -38 1 0.54438 0.275 
1 15 15 19 16 -56 -1 0.484564 0.865 
0 0 3 1 7 76 -1 0.462609 0.035 
0 6 3 7 13 -99 -1 0.503257 0.94 
0 3 12 7 22 -394 1 0.513271 0.1 
3 12 3 22 7 2967 1 0.482135 0.305 
2 9 0 10 7 453 -1 0.49808 0.7 
0 3 12 13 16 -1929 1 0.479003 0.03 
1 6 6 22 13 -229 -1 0.516824 0.48 
0 3 0 13 13 2856 -1 0.518704 0.1 
1 15 0 19 10 398 1 0.508917 0.76 
0 9 3 16 13 -169 1 0.501644 0.365 
0 12 9 16 22 167 -1 0.537417 0.2 
0 6 3 13 10 1093 1 0.50056 0.86 
1 6 0 22 4 217 -1 0.522093 0.42 
4 3 0 4 7 28 -1 0.529908 0.185 
3 0 0 1 1 109 1 0.549783 0.575 
2 0 3 4 4 633 -1 0.526272 0.215 
3 0 0 10 7 2654 -1 0.476317 0.875 
0 6 15 13 19 500 -1 0.533188 0.13 
1 0 6 19 10 -468 -1 0.562413 0.635 
1 6 3 19 10 667 1 0.544726 0.69 
4 15 15 16 19 -26 1 0.507653 0.11 
1 9 0 19 10 461 -1 0.524504 0.34 
1 0 0 16 7 1268 1 0.523685 0.71 
1 21 3 22 13 -535 1 0.477138 0.085 
2 9 6 13 10 1414 -1 0.511496 0.465 
3 21 6 22 10 388 1 0.506534 0.485 
1 0 15 7 19 -343 1 0.532349 0.27 
2 12 3 13 10 691 -1 0.54677 0.425 
2 15 0 16 4 546 1 0.537934 0.62 
0 9 9 16 22 -2969 1 0.500898 0.07 
2 6 3 7 4 69 -1 0.536856 0.62 
2 0 12 4 13 283 1 0.505342 0.34 
2 3 6 7 16 3985 -1 0.506837 0.435 
4 9 6 10 7 3 -1 0.507682 0.285 
2 6 3 7 7 426 1 0.546872 0.565 
3 3 9 16 10 1528 -1 0.49449 0.405 
1 3 0 19 10 -479 -1 0.530914 0.535 
3 0 15 4 16 740 -1 0.554388 0.23 
2 0 0 7 7 6274 1 0.494955 0.635 
0 0 15 7 22 -316 1 0.498928 0.215 
0 3 9 7 19 134 -1 0.514296 0.265 
1 12 3 22 10 393 1 0.565372 0.675 
4 12 15 16 19 518 -1 0.520433 0.04 
0 21 21 22 22 11 1 0.522295 0.88 
0 3 15 7 19 -156 1 0.524663 0.15 
0 3 12 7 16 134 -1 0.538181 0.17 
1 9 9 13 16 -858 -1 0.544723 0.85 
1 0 21 13 22 139 -1 0.506796 0.065 
4 6 9 10 16 -811 -1 0.516921 0.905 
0 0 15 10 22 2609 -1 0.514214 0.05 
2 0 6 4 13 3132 1 0.534 0.57 
3 3 0 16 4 5419 -1 0.503733 0.465 
0 6 6 7 13 -1 1 0.557419 0.37 
4 9 9 10 16 -22 1 0.570809 0.215 
0 3 6 10 7 -71 -1 0.553242 0.73 
0 6 0 10 1 -134 1 0.5133 0.08 
4 0 3 4 13 309 1 0.505692 0.785 
4 6 6 10 10 -143 1 0.520848 0.27 
4 12 0 16 10 549 1 0.521275 0.8 
4 3 18 7 19 66 -1 0.542817 0.07 
3 9 0 19 1 600 -1 0.504489 0.75 
1 0 21 10 22 -142 1 0.515565 0.04 
1 0 9 1 16 -97 -1 0.521711 0.685 
1 0 12 7 16 -169 1 0.567886 0.385 
1 18 0 22 7 -173 1 0.520076 0.345 
1 0 6 7 10 -554 -1 0.537436 0.785 
2 18 3 19 19 938 1 0.490391 0.155 
2 6 12 10 13 394 -1 0.525678 0.48 
0 3 9 10 22 -503 1 0.522133 0.22 
2 18 3 19 10 693 1 0.525396 0.54 
1 21 15 22 19 -116 1 0.536151 0.115 
4 6 15 13 19 -200 -1 0.492687 0.695 
2 15 6 16 10 442 -1 0.548599 0.395 
1 9 0 19 1 -58 1 0.542399 0.18 
1 9 9 10 16 352 1 0.508927 0.945 
0 0 18 10 19 382 -1 0.484818 0.055 
3 3 0 13 7 10039 1 0.52695 0.635 
3 18 9 22 10 386 -1 0.546189 0.445 
0 3 0 13 1 93 -1 0.553883 0.25 
0 15 9 16 13 15 -1 0.567231 0.15 
0 15 9 16 16 -13 1 0.523115 0.19 
1 9 3 19 13 -433 -1 0.504611 0.545 
1 6 3 10 7 -107 1 0.52796 0.34 
0 9 6 10 22 -136 1 0.520918 0.115 
0 6 3 10 4 -109 -1 0.53193 0.845 
1 12 0 19 4 614 -1 0.49407 0.18 
0 0 12 7 22 -126 1 0.528547 0.305 
1 0 3 4 10 -50 1 0.531508 0.435 
1 18 9 22 16 -78 1 0.545867 0.445 
4 9 6 13 13 -193 1 0.525099 0.22 
1 6 3 19 13 -1609 -1 0.478217 0.735 
0 12 18 13 19 6 -1 0.531748 0.13 
1 0 21 1 22 -3 -1 0.582353 0.655 
4 3 21 13 22 100 -1 0.496971 0.115 
1 6 6 16 13 -93 -1 0.546345 0.515 
0 21 6 22 10 69 -1 0.543361 0.025 
4 12 0 16 1 38 1 0.530271 0.815 
4 9 12 13 16 -128 1 0.526422 0.25 
4 0 9 4 10 0 -1 0.556473 0.45 
3 0 3 19 7 9069 1 0.552745 0.58 
2 3 12 7 22 4754 -1 0.532808 0.415 
4 3 0 13 10 1540 -1 0.553362 0.175 
4 3 6 13 13 1040 1 0.540819 0.775 
4 3 0 10 1 -19 1 0.552556 0.325 
1 9 15 10 19 -56 -1 0.53414 0.73 
1 0 12 16 13 86 -1 0.493292 0.145 
1 12 0 16 1 3 1 0.53579 0.52 
4 6 3 10 4 17 -1 0.556143 0.22 
1 3 9 19 10 -117 -1 0.520477 0.875 
2 0 6 1 19 2217 -1 0.495176 0.225 
1 0 6 10 13 -1538 -1 0.530228 0.825 
0 9 6 16 22 -3644 1 0.500246 0.065 
4 0 18 7 19 19 -1 0.517172 0.25 
1 12 9 13 16 -126 -1 0.473432 0.75 
0 3 15 7 22 -503 1 0.533202 0.05 
1 3 6 13 10 -612 -1 0.520019 0.76 
1 0 15 22 16 -92 1 0.534801 0.245 
1 15 12 22 16 97 -1 0.553187 0.37 
1 9 0 16 7 -541 -1 0.564733 0.7 
3 3 0 16 7 8103 1 0.574845 0.415 
2 12 18 13 19 82 -1 0.516329 0.56 
0 0 9 10 22 3498 -1 0.538421 0.065 
4 6 0 10 10 1031 1 0.498833 0.91 
4 3 6 10 7 75 -1 0.509247 0.145 
3 9 0 13 4 1164 -1 0.584751 0.68 
0 21 3 22 4 -23 1 0.487911 0.015 
0 15 6 16 10 49 1 0.526591 0.92 
0 9 0 16 22 2839 -1 0.531719 0.09 
2 3 12 4 13 113 1 0.540792 0.565 
0 9 15 16 16 -171 1 0.530807 0.13 
0 3 6 13 19 591 -1 0.548768 0.265 
4 3 3 13 7 -660 -1 0.519193 0.81 
1 12 21 16 22 28 -1 0.49747 0.125 
4 6 9 13 16 172 -1 0.556918 0.415 
1 3 9 10 10 25 -1 0.577258 0.21 
2 12 0 13 7 321 -1 0.516879 0.86 
0 6 6 7 22 59 -1 0.522739 0.11 
0 6 9 13 10 134 1 0.58606 0.8 
0 3 3 13 19 5868 -1 0.529278 0.045 
2 9 9 10 13 214 -1 0.490044 0.795 
3 21 0 22 7 1538 -1 0.529863 0.045 
3 3 0 4 7 885 1 0.503674 0.57 
4 6 0 7 7 -32 1 0.57706 0.145 
4 9 15 13 19 -20 1 0.568537 0.41 
4 3 9 13 13 73 -1 0.577223 0.48 
1 3 9 19 16 2761 -1 0.587791 0.085 
4 9 0 16 1 102 1 0.496074 0.85 
0 0 12 10 22 4000 -1 0.506188 0.025 
3 6 9 13 10 1119 1 0.519269 0.715 
1 12 9 19 16 273 -1 0.578924 0.28 
1 18 3 22 13 -1543 1 0.531517 0.135 
3 3 0 13 1 481 -1 0.507823 0.85 
1 3 3 7 4 -35 1 0.527436 0.125 
0 21 18 22 19 -3 -1 0.545499 0.685 
4 0 3 1 13 42 -1 0.537237 0.13 
4 6 3 10 10 645 1 0.554634 0.88 
2 0 15 1 22 238 1 0.540052 0.055 
3 0 0 16 4 6052 -1 0.500182 0.525 
2 0 9 1 10 86 1 0.545537 0.47 
2 0 9 7 13 2363 -1 0.564495 0.49 
3 0 3 4 7 1090 1 0.553932 0.255 
1 18 3 22 10 26 -1 0.577686 0.395 
1 18 0 22 10 30 1 0.516131 0.55 
1 3 0 22 4 -2 -1 0.575424 0.495 
1 12 0 22 1 -9 1 0.567764 0.355 
1 18 0 22 1 -3 -1 0.545373 0.585 
4 0 6 7 10 -243 -1 0.565044 0.705 
4 0 0 4 10 -831 1 0.547109 0.085 
3 9 6 13 10 1695 -1 0.588299 0.44 
2 3 0 7 4 1773 1 0.544658 0.55 
3 6 9 10 13 2189 -1 0.573873 0.36 
3 0 3 13 7 5489 1 0.553059 0.55 
1 6 3 22 13 769 -1 0.566096 0.3 
4 6 3 13 10 430 1 0.561245 0.695 
0 3 0 13 7 1799 -1 0.554336 0.095 
0 6 3 13 13 1515 1 0.493024 0.865 
0 12 3 16 4 106 -1 0.540375 0.075 
2 9 9 10 10 63 -1 0.537957 0.68 
0 15 12 19 13 -82 1 0.518755 0.11 
1 15 0 22 1 4 1 0.57597 0.53 
2 3 12 4 16 616 1 0.629038 0.695 
4 3 3 4 4 4 -1 0.550537 0.145 
1 6 3 7 10 134 1 0.577959 0.825 
0 3 0 13 22 8672 -1 0.523935 0.025 
3 3 0 19 1 799 -1 0.553593 0.85 
0 3 12 13 19 -3751 1 0.516834 0.03 
1 0 9 13 10 -67 -1 0.547871 0.795 
1 0 0 7 1 -18 1 0.519123 0.26 
0 0 18 1 22 -8 -1 0.589427 0.735 
1 0 9 7 16 769 -1 0.575736 0.19 
1 3 12 16 16 197 1 0.568704 0.675 
1 12 15 16 19 90 -1 0.577911 0.33 
4 18 3 19 4 6 -1 0.581352 0.12 
4 0 15 10 19 -460 -1 0.531108 0.74 
3 12 0 16 1 443 -1 0.56641 0.4 
2 9 12 13 13 266 1 0.510372 0.335 
1 6 3 10 10 733 1 0.526936 0.875 
0 0 15 10 16 -214 1 0.509552 0.125 
0 6 0 10 22 145 -1 0.529814 0.34 
1 9 6 22 13 -1089 -1 0.52905 0.685 
1 18 6 22 13 -482 1 0.514686 0.25 
1 0 9 7 13 252 -1 0.559771 0.255 
0 6 3 10 10 -190 1 0.55009 0.265 
0 6 0 13 7 768 -1 0.568865 0.155 
0 12 3 16 13 185 1 0.561197 0.77 
0 12 3 16 7 245 -1 0.579527 0.115 
2 9 6 10 16 1376 1 0.557458 0.615 
2 9 6 13 13 2866 -1 0.533633 0.43 
0 6 12 13 19 -2 -1 0.562926 0.475 
3 6 6 7 7 117 1 0.545824 0.575 
1 18 18 19 19 11 -1 0.548812 0.1 
3 0 9 13 13 2958 -1 0.502567 0.81 
1 15 3 19 13 1033 -1 0.561296 0.07 
2 9 0 10 1 55 -1 0.594738 0.75 
2 0 0 4 22 5420 1 0.558423 0.17 
1 3 0 22 7 1715 1 0.57503 0.76 
0 0 6 1 7 18 -1 0.549009 0.05 
1 3 6 22 10 -399 -1 0.569527 0.62 
2 0 18 7 22 5127 -1 0.559202 0.255 
0 9 9 16 13 -32 -1 0.550549 0.53 
4 12 0 13 10 12 -1 0.557633 0.36 
1 9 9 10 10 0 1 0.576197 0.455 
1 9 6 10 7 -10 1 0.555776 0.13 
1 18 3 22 7 153 1 0.554099 0.7 
1 6 3 7 4 17 -1 0.533103 0.075 
4 15 15 19 16 -12 1 0.599835 0.28 
3 6 6 22 10 10105 1 0.531465 0.705 
2 9 18 10 22 584 -1 0.513525 0.34 
0 6 0 7 10 -32 1 0.576676 0.165 
1 18 18 22 19 1 1 0.560726 0.53 
1 9 9 16 16 127 -1 0.574448 0.34 
4 12 3 13 4 -3 1 0.575828 0.21 
1 9 9 19 10 -91 -1 0.571679 0.885 
0 0 12 10 19 2418 -1 0.514524 0.055 
0 6 0 10 4 327 1 0.5495 0.845 
1 6 9 22 10 56 -1 0.54336 0.22 
1 9 6 10 13 145 1 0.581025 0.805 
0 6 6 7 10 47 -1 0.570053 0.05 
1 15 6 16 10 65 1 0.55649 0.79 
4 0 12 7 16 357 -1 0.565701 0.17 
1 12 0 13 10 0 -1 0.57689 0.47 
1 0 6 1 7 -6 1 0.56247 0.21 
3 0 0 7 1 1186 1 0.564253 0.725 
3 0 18 1 19 210 -1 0.50478 0.135 
1 21 3 22 4 -16 -1 0.566512 0.88 
0 6 12 13 22 -2234 1 0.568846 0.08 
0 3 9 13 19 -286 -1 0.544238 0.62 
0 0 9 10 16 -42 1 0.587671 0.395 
4 0 3 7 7 26 -1 0.590216 0.465 
3 3 0 16 1 888 -1 0.537414 0.64 
4 15 3 16 10 42 -1 0.529876 0.125 
1 12 9 22 13 293 -1 0.562719 0.285 
4 21 6 22 7 -1 1 0.556601 0.375 
4 0 0 7 10 -1362 1 0.582613 0.145 
0 6 18 10 22 -173 1 0.56193 0.155 
4 0 9 10 10 -92 -1 0.566516 0.815 
0 3 0 13 19 6848 -1 0.547716 0.045 
0 9 18 10 19 -27 -1 0.543036 0.935 
0 3 3 13 7 -1112 1 0.541454 0.09 
4 6 3 10 7 -124 1 0.565279 0.29 
2 3 0 7 7 2872 1 0.55825 0.555 
3 9 0 10 4 263 -1 0.559905 0.705 
1 0 3 13 13 1520 -1 0.489309 0.155 
1 0 3 10 13 -200 1 0.555286 0.475 
1 9 0 10 7 10 -1 0.590242 0.44 
1 3 3 4 13 137 -1 0.571268 0.155 
4 3 0 10 10 1591 1 0.57997 0.885 
1 21 12 22 13 -25 1 0.561107 0.04 
1 3 0 7 1 52 1 0.539069 0.885 
4 3 15 10 19 -1086 1 0.558978 0.045 
1 9 12 13 16 402 1 0.573499 0.865 
1 3 15 16 19 411 -1 0.545338 0.28 
0 9 9 10 10 -7 1 0.590224 0.16 
4 9 9 10 13 -1 -1 0.563099 0.49 
3 0 0 22 4 14252 1 0.600782 0.7 
0 3 6 10 13 262 -1 0.548221 0.295 
0 0 9 10 19 237 1 0.55204 0.56 
0 3 6 13 22 4508 -1 0.571873 0.05 
4 9 15 10 19 -84 -1 0.535544 0.91 
1 12 9 13 10 0 1 0.563416 0.38 
1 9 0 10 10 224 -1 0.58206 0.13 
2 3 3 7 16 5064 -1 0.565044 0.44 
3 9 3 22 7 5411 1 0.492554 0.54 
3 12 6 19 7 867 -1 0.578578 0.36 
3 6 3 7 4 140 1 0.532095 0.66 
3 3 9 4 13 683 -1 0.54739 0.285 
2 9 9 13 13 1494 1 0.578336 0.495 
2 9 3 13 7 1648 -1 0.530744 0.425 
1 3 6 10 10 147 1 0.541574 0.665 
3 12 6 19 10 2125 1 0.5203 0.3 
3 3 18 19 19 860 -1 0.561468 0.82 
0 0 0 10 22 -4545 1 0.524974 0.095 
0 9 12 13 22 -115 -1 0.544691 0.655 
1 9 6 19 10 453 -1 0.566884 0.21 
1 9 15 22 19 -652 -1 0.483701 0.72 
1 18 15 19 19 -58 1 0.554923 0.22 
1 0 9 16 13 279 -1 0.585335 0.32 
0 15 3 16 13 -23 1 0.560342 0.155 
0 15 0 16 10 6 -1 0.561883 0.375 
0 0 0 10 19 -4388 1 0.592775 0.085 
1 6 12 13 16 226 1 0.557261 0.725 
1 3 9 16 16 576 -1 0.51727 0.3 
1 18 12 22 13 6 1 0.576856 0.655 
1 3 18 16 19 -39 1 0.60213 0.255 
1 9 15 16 19 -481 -1 0.59452 0.755 
4 3 0 4 1 8 -1 0.579728 0.11 
3 15 6 16 7 108 1 0.589154 0.58 
3 9 0 19 4 4444 -1 0.545294 0.43 
4 9 3 16 13 -226 1 0.588389 0.34 
4 9 3 16 10 -37 -1 0.557548 0.525 
3 0 0 13 1 1557 1 0.592831 0.595 
3 3 3 7 4 330 -1 0.581927 0.495 
4 0 21 10 22 -57 1 0.543734 0.21 
2 9 12 10 16 456 1 0.586108 0.55 
0 12 3 13 22 34 -1 0.568375 0.155 
4 6 0 13 10 1217 1 0.604718 0.815 
0 9 0 16 10 2188 -1 0.581912 0.07 
0 12 3 16 10 1149 1 0.573399 0.935 
0 21 15 22 19 -29 1 0.551811 0.07 
0 0 6 10 7 -45 1 0.587301 0.32 
2 0 18 4 19 329 -1 0.590556 0.57 
2 18 0 19 22 2049 1 0.532968 0.49 
4 15 15 19 19 202 -1 0.580064 0.175 
4 9 3 13 13 300 -1 0.554105 0.23 
2 6 6 10 13 3774 -1 0.588031 0.34 
2 6 12 7 13 146 1 0.475266 0.645 
3 9 18 10 19 146 -1 0.57519 0.33 
1 0 0 1 7 72 1 0.554688 0.68 
4 9 3 10 10 -48 1 0.560304 0.21 
4 3 12 7 13 -21 1 0.572219 0.185 
3 12 0 19 7 7467 1 0.525439 0.65 
3 12 0 19 1 756 -1 0.569269 0.405 
2 3 3 7 4 308 1 0.503175 0.425 
2 9 15 10 19 305 -1 0.587245 0.595 
2 18 0 19 16 872 1 0.569 0.1 
3 6 12 10 13 635 1 0.560361 0.7 
2 6 0 7 16 1821 -1 0.554812 0.4 
0 3 3 10 4 -30 1 0.567629 0.325 
3 6 3 22 7 6937 1 0.548953 0.565 
2 0 12 1 19 1116 -1 0.525323 0.27 
0 6 3 7 10 -11 1 0.621574 0.27 
1 0 9 13 13 -43 -1 0.625469 0.51 
0 3 12 13 13 -633 1 0.564502 0.02 
3 0 3 10 4 709 -1 0.54352 0.61 
3 18 0 19 1 114 1 0.555205 0.58 
4 18 3 19 10 34 -1 0.590271 0.165 
4 18 12 19 16 25 -1 0.553926 0.18 
1 3 3 7 13 -635 -1 0.533987 0.73 
1 21 0 22 7 -271 1 0.558288 0.09 
3 0 0 16 7 3990 -1 0.502955 0.905 
2 0 9 4 16 5119 -1 0.550922 0.185 
4 3 6 10 10 239 1 0.56639 0.71 
1 0 3 4 13 523 -1 0.568056 0.14 
1 0 0 22 4 -294 -1 0.603389 0.595 
0 3 12 7 19 -274 1 0.551545 0.115 
1 3 15 10 16 -8 1 0.547761 0.39 
3 6 9 7 10 53 -1 0.556873 0.785 
4 6 3 7 13 -150 1 0.54128 0.035 
1 0 6 7 13 -1367 -1 0.518517 0.84 
1 18 21 22 22 -53 1 0.5387 0.055 
0 3 3 4 4 -3 1 0.571256 0.22 
1 18 15 19 16 -8 -1 0.548048 0.765 
0 0 12 1 22 66 -1 0.568189 0.08 
2 9 15 13 22 4173 1 0.567047 0.65 
1 3 0 10 10 243 1 0.54577 0.61 
1 15 9 19 16 684 -1 0.565585 0.095 
2 3 3 4 4 58 -1 0.587872 0.72 
3 12 3 13 4 102 1 0.568639 0.53 
2 12 0 13 16 1786 -1 0.558224 0.405 
3 6 3 19 7 5492 1 0.554595 0.55 
1 12 15 22 16 -36 1 0.54338 0.285 
0 0 9 7 22 -269 1 0.564789 0.24 
2 0 9 7 16 4748 -1 0.562346 0.43 
3 15 15 19 16 519 1 0.563629 0.58 
4 21 9 22 10 3 -1 0.560592 0.205 
0 3 0 10 7 -37 1 0.586582 0.42 
2 0 3 4 7 2322 -1 0.59738 0.275 
3 6 15 16 16 1521 1 0.520918 0.645 
0 3 3 13 22 1895 -1 0.562297 0.16 
2 18 21 19 22 170 -1 0.573617 0.305 
1 3 12 19 16 -1208 -1 0.568383 0.78 
4 18 9 19 13 -50 1 0.513831 0.095 
2 18 12 19 13 198 1 0.575289 0.78 
2 0 12 1 22 333 1 0.557016 0.035 
3 0 15 7 16 315 -1 0.543493 0.86 
1 3 15 22 16 63 -1 0.583597 0.205 
1 12 3 16 10 -19 -1 0.60287 0.495 
3 21 15 22 16 94 -1 0.599907 0.495 
1 0 3 19 13 1819 -1 0.568262 0.17 
3 3 3 13 7 5112 1 0.607845 0.615 
3 9 6 19 10 4863 -1 0.570232 0.375 
2 0 15 4 16 351 1 0.574005 0.465 
2 3 18 7 22 1472 -1 0.595043 0.53 
3 12 3 19 7 2048 1 0.543777 0.3 
2 9 0 13 7 2123 -1 0.563297 0.57 
1 0 0 16 1 -26 1 0.517402 0.325 
1 0 6 16 10 151 1 0.584374 0.59 
1 6 9 10 10 4 -1 0.582376 0.345 
4 15 18 19 19 39 -1 0.587653 0.135 
1 0 12 19 13 -87 -1 0.563209 0.78 
4 15 0 19 4 284 -1 0.540902 0.16 
4 15 9 16 13 5 -1 0.589762 0.375 
1 15 12 16 16 10 -1 0.587941 0.35 
2 3 9 7 13 2142 1 0.603791 0.62 
3 9 9 16 13 3197 -1 0.536911 0.405 
2 9 3 10 19 2106 1 0.589117 0.615 
0 0 12 1 13 13 -1 0.562107 0.08 
1 0 9 19 16 -3192 -1 0.607822 0.835 
0 3 0 4 4 -63 1 0.556537 0.03 
4 0 6 1 7 5 1 0.566405 0.815 
4 0 0 1 7 124 -1 0.588559 0.045 
1 3 0 13 7 1273 1 0.600244 0.805 
1 0 18 7 19 -39 1 0.528432 0.21 
3 12 0 13 4 536 -1 0.576905 0.37 
2 15 3 16 7 527 1 0.596494 0.64 
3 15 6 22 7 738 -1 0.58592 0.39 
3 15 6 22 10 2444 1 0.578367 0.415 
3 9 3 13 4 206 -1 0.578346 0.84 
2 0 6 4 10 3245 -1 0.523518 0.085 
2 18 9 19 16 1346 1 0.559129 0.78 
3 0 15 1 16 23 1 0.533814 0.03 
3 12 18 19 19 287 -1 0.559353 0.87 
1 6 21 7 22 -28 1 0.578175 0.035 
1 0 15 22 19 -1217 -1 0.572969 0.745 
0 3 6 7 16 29 -1 0.61125 0.47 
0 0 6 10 22 -1920 1 0.613202 0.135 
0 9 15 13 19 -80 -1 0.565375 0.695 
2 0 6 7 7 853 1 0.574695 0.625 
3 15 0 16 1 103 -1 0.534466 0.425 
3 6 15 19 16 758 1 0.590065 0.19 
1 0 6 22 13 -156 -1 0.596857 0.44 
1 3 0 13 1 -21 1 0.579116 0.35 
2 0 15 7 16 615 -1 0.577696 0.505 
1 0 3 1 10 -130 -1 0.589187 0.73 
4 6 3 13 7 417 -1 0.570728 0.13 
0 6 9 13 13 122 -1 0.571482 0.33 
3 6 3 13 4 996 1 0.594393 0.67 
3 12 0 13 7 1142 -1 0.56962 0.24 
2 0 0 1 1 130 1 0.581482 0.605 
0 3 18 10 22 1137 -1 0.587036 0.04 
3 9 0 22 4 5006 -1 0.512566 0.49 
1 15 18 22 19 -69 1 0.60586 0.105 
1 6 0 13 7 1652 1 0.5504 0.905 
0 6 3 13 22 -4059 1 0.57217 0.04 
0 0 6 7 13 -1542 -1 0.567781 0.91 
0 3 9 7 22 -582 1 0.584093 0.1 
3 9 0 19 7 10076 1 0.601054 0.625 
3 18 9 19 13 670 -1 0.550362 0.295 
2 6 0 7 7 466 -1 0.566353 0.7 
1 0 21 7 22 -36 1 0.530485 0.16 
3 18 3 22 4 562 1 0.598356 0.68 
2 0 0 1 13 616 1 0.57003 0.08 
3 0 3 13 4 1013 -1 0.56775 0.55 
4 15 6 19 10 497 -1 0.620053 0.06 
4 0 21 1 22 5 1 0.55698 0.845 
1 6 15 7 19 161 -1 0.590288 0.06 
3 18 18 19 19 182 1 0.561706 0.735 
2 6 6 7 19 660 1 0.562704 0.11 
3 12 0 16 7 1154 -1 0.566242 0.85 
1 15 3 16 10 -93 1 0.597672 0.3 
1 6 15 22 16 -34 1 0.58027 0.33 
3 6 18 7 19 107 1 0.590589 0.54 
2 0 3 1 19 1952 -1 0.568642 0.365 
3 0 6 16 7 2481 1 0.567811 0.72 
2 12 9 13 10 177 -1 0.572904 0.2 
2 9 12 13 22 5430 1 0.597586 0.595 
2 6 9 10 16 3623 -1 0.568026 0.36 
0 0 9 10 13 8 1 0.591419 0.445 
0 3 9 13 13 404 -1 0.578014 0.245 
1 6 0 22 7 1680 1 0.57872 0.765 
2 6 15 7 16 40 1 0.552543 0.115 
2 0 6 7 10 2367 -1 0.592373 0.49 
2 0 3 1 10 716 1 0.55097 0.545 
0 12 0 16 22 247 -1 0.607967 0.22 
4 6 18 13 19 20 -1 0.523421 0.275 
1 6 18 13 19 5 1 0.564858 0.56 
1 9 18 19 19 -35 -1 0.58085 0.75 
0 12 12 13 13 -8 1 0.595526 0.075 
3 0 0 19 1 1400 -1 0.589917 0.58 
1 0 18 16 19 -48 1 0.591052 0.26 
4 3 3 10 13 328 -1 0.603695 0.315 
4 6 6 7 13 -6 1 0.603863 0.395 
1 18 6 19 13 -102 -1 0.575144 0.69 
4 18 15 19 16 -4 1 0.583754 0.165 
3 3 18 13 19 483 -1 0.595161 0.855 
1 6 15 13 19 486 -1 0.550178 0.14 
0 15 12 16 13 1 -1 0.632607 0.375 
3 0 12 19 13 3070 1 0.633544 0.72 
2 15 6 16 13 849 -1 0.557077 0.38 
2 6 6 10 10 1234 1 0.493868 0.425 
2 3 0 7 16 6211 -1 0.583813 0.45 
3 12 12 13 13 112 1 0.568756 0.56 
0 12 9 16 19 209 -1 0.560379 0.165 
1 6 0 22 10 819 1 0.578171 0.645 
1 6 0 16 10 856 -1 0.592057 0.255 
0 15 0 16 16 -23 1 0.584246 0.17 
1 9 12 22 16 -1099 -1 0.597198 0.795 
0 3 0 13 16 7165 -1 0.545042 0.025 
1 3 0 13 10 1922 1 0.560955 0.86 
1 9 3 16 13 527 -1 0.591999 0.255 
0 6 9 7 16 27 -1 0.615614 0.13 
0 0 3 10 10 -239 1 0.592125 0.375 
0 6 9 13 19 47 -1 0.574729 0.455 
0 0 12 10 13 1 1 0.583922 0.46 
0 0 3 7 7 -340 -1 0.578496 0.765 
3 9 3 19 7 4891 1 0.61119 0.595 
3 12 0 19 4 3256 -1 0.542658 0.41 
1 18 9 19 16 -127 1 0.552063 0.23 
1 0 15 4 19 -378 -1 0.616916 0.8 
1 6 12 22 13 64 -1 0.58029 0.19 
1 6 0 16 7 -307 -1 0.603895 0.57 
2 0 6 1 7 186 -1 0.616114 0.175 
2 0 0 7 10 8526 1 0.573334 0.63 
2 0 3 7 13 6260 -1 0.584641 0.45 
2 0 0 4 13 5622 1 0.574738 0.565 
2 9 0 10 22 2483 -1 0.586258 0.405 
0 6 0 7 16 -50 1 0.597967 0.11 
0 6 6 7 16 -106 -1 0.584556 0.955 
0 21 15 22 16 -34 1 0.538866 0.015 
3 6 3 10 4 704 1 0.56916 0.795 
0 0 12 1 16 54 -1 0.576609 0.055 
1 6 12 7 16 6 -1 0.619546 0.39 
0 3 0 13 4 1052 -1 0.624149 0.12 
1 6 9 19 10 -118 -1 0.560161 0.89 
0 12 21 13 22 -15 1 0.551448 0.025 
4 0 12 1 16 81 1 0.573791 0.91 
1 9 3 13 7 -361 1 0.572331 0.16 
3 0 0 16 1 941 -1 0.619661 0.76 
0 21 15 22 22 -150 1 0.57162 0.015 
0 0 0 7 7 363 1 0.598336 0.72 
0 0 6 10 19 2239 -1 0.629456 0.15 
1 6 0 13 10 1690 1 0.608222 0.9 
3 3 12 10 13 720 1 0.607997 0.515 
3 3 9 22 10 2046 -1 0.571191 0.415 
0 9 9 16 19 1043 -1 0.589497 0.1 
3 0 3 10 7 3906 1 0.54638 0.535 
2 0 3 1 22 2381 -1 0.587131 0.365 
3 3 15 19 16 2767 1 0.576538 0.745 
3 6 9 16 13 8335 -1 0.572657 0.075 
2 9 6 10 7 44 -1 0.591122 0.845 
2 0 15 4 22 1204 1 0.586601 0.11 
3 3 0 13 4 4032 -1 0.59167 0.475 
2 6 12 10 22 4189 1 0.584021 0.53 
4 15 9 16 10 1 -1 0.600237 0.32 
1 12 6 16 10 249 1 0.567553 0.79 
4 12 9 13 13 -21 1 0.550668 0.185 
4 0 18 4 19 -37 1 0.64201 0.12 
1 6 0 10 10 951 1 0.57233 0.86 
4 3 15 10 16 -98 1 0.621186 0.11 
4 9 9 16 10 85 1 0.553849 0.855 
4 3 15 4 16 12 -1 0.611514 0.065 
1 0 18 22 19 66 1 0.609678 0.745 
0 0 12 7 19 -236 1 0.564863 0.24 
0 12 3 16 19 -149 1 0.61227 0.26 
0 3 6 13 13 608 -1 0.575679 0.23 
1 3 12 22 16 -2105 -1 0.577051 0.88 
4 3 9 7 13 -51 1 0.575352 0.29 
0 6 3 7 7 -23 1 0.611697 0.11 
3 12 6 13 7 139 1 0.636807 0.65 
3 12 6 13 10 506 -1 0.561688 0.375 
3 15 9 22 13 3733 1 0.632222 0.595 
2 0 6 7 13 4402 -1 0.627917 0.455 
1 15 21 16 22 -6 1 0.609967 0.19 
1 12 0 16 7 -341 -1 0.608184 0.715 
1 9 9 16 13 468 -1 0.621228 0.18 
0 0 3 10 19 -846 1 0.614414 0.265 
0 6 0 13 16 1372 -1 0.633365 0.135 
0 6 6 13 13 1172 1 0.602958 0.855 
0 3 3 13 10 3529 -1 0.603191 0.04 
3 15 0 22 4 4756 1 0.542132 0.76 
3 18 6 19 10 586 -1 0.546537 0.305 
2 6 0 10 10 6369 1 0.622278 0.735 
1 3 15 10 19 167 -1 0.581912 0.33 
1 18 12 22 16 -26 1 0.580728 0.435 
0 18 15 19 16 6 -1 0.640145 0.17 
1 21 3 22 10 -8 1 0.610256 0.49 
3 12 9 13 10 100 1 0.639492 0.515 
3 0 6 4 7 267 -1 0.584871 0.65 
2 0 12 7 22 4107 1 0.602539 0.15 
2 9 6 13 16 3764 -1 0.583265 0.455 
3 6 0 16 7 10393 1 0.584121 0.635 
2 18 18 19 19 180 -1 0.577885 0.275 
2 0 18 7 19 854 1 0.586903 0.525 
4 21 3 22 4 -1 1 0.639598 0.335 
0 15 0 16 13 52 -1 0.638376 0.115 
2 15 6 16 16 1013 -1 0.612288 0.415 
3 9 3 13 7 1488 1 0.606772 0.49 
2 3 9 7 16 1849 -1 0.587588 0.71 
2 15 3 16 16 859 1 0.587165 0.275 
2 9 15 10 16 76 -1 0.589311 0.57 
1 3 12 10 16 -574 1 0.635371 0.18 
1 15 6 22 10 -870 -1 0.60127 0.87 
4 15 18 16 19 -4 1 0.591694 0.175 
0 9 0 16 19 1694 -1 0.602005 0.135 
3 9 9 13 10 625 1 0.620158 0.7 
3 12 6 22 10 6003 -1 0.575056 0.28 
2 0 0 7 13 11122 1 0.573928 0.615 
3 12 9 19 10 1104 -1 0.610363 0.27 
3 12 9 13 13 734 1 0.584833 0.755 
3 0 0 1 4 753 -1 0.587094 0.18 
1 0 12 22 16 -2181 -1 0.588928 0.86 
2 6 9 7 19 509 1 0.600857 0.12 
3 6 9 13 13 1988 -1 0.58489 0.68 
3 0 9 4 10 306 1 0.627906 0.395 
2 0 12 7 13 692 -1 0.64271 0.435 
2 0 0 7 19 18619 1 0.617191 0.645 
3 3 9 16 13 10058 -1 0.563761 0.14 
2 15 18 16 19 200 1 0.594334 0.795 
1 12 3 13 7 20 -1 0.601964 0.305 
4 3 3 13 13 1093 -1 0.633713 0.205 
1 3 0 7 10 334 1 0.633155 0.72 
1 0 3 4 4 5 -1 0.614537 0.305 
1 9 9 22 13 -246 -1 0.617614 0.635 
0 3 3 13 13 4748 -1 0.581166 0.035 
1 12 3 16 13 1039 1 0.554666 0.9 
1 15 3 22 13 1586 -1 0.616125 0.07 
4 3 6 7 10 -742 -1 0.605146 0.95 
1 3 15 4 16 -12 1 0.599369 0.125 
1 15 6 22 13 -1542 -1 0.633572 0.87 
1 9 0 22 4 1370 -1 0.593343 0.12 
3 0 0 22 1 1139 -1 0.653017 0.86 
1 3 12 7 16 167 -1 0.566611 0.205 
1 0 12 10 16 -141 1 0.570743 0.41 
1 9 0 22 10 1057 1 0.64059 0.73 
2 0 12 4 22 1862 1 0.609204 0.115 
2 3 9 7 19 3069 -1 0.598303 0.53 
2 0 0 4 16 6891 1 0.622272 0.56 
