24
1500
1 6 6 7 9 -64 1 0.192606 0.158 
0 0 0 3 11 -590 1 0.238472 0.076 
4 10 4 13 9 127 -1 0.244768 0.226 
1 4 8 19 13 182 -1 0.244134 0.396 
1 10 20 13 21 20 -1 0.285283 0.178 
0 14 0 17 3 62 -1 0.297104 0.224 
0 14 18 15 21 3 -1 0.373802 0.348 
1 10 2 17 5 203 -1 0.328015 0.2 
0 6 4 9 9 -117 1 0.287516 0.228 
1 0 6 9 7 -11 1 0.325738 0.348 
0 8 14 15 21 1037 -1 0.30496 0.114 
1 8 12 11 17 514 1 0.34346 0.836 
0 20 8 21 21 -166 1 0.3605 0.048 
1 10 6 17 9 -45 1 0.391022 0.372 
0 16 10 19 17 211 -1 0.376071 0.164 
1 4 10 9 13 52 -1 0.337753 0.328 
4 12 14 17 15 40 -1 0.378077 0.2 
0 8 0 9 9 -14 1 0.362299 0.318 
1 12 10 17 11 22 -1 0.362507 0.214 
0 14 10 15 15 -18 1 0.387953 0.192 
0 4 0 5 1 -3 1 0.399279 0.282 
1 0 4 21 9 52 1 0.392508 0.546 
0 2 4 3 15 -69 1 0.34563 0.1 
4 14 2 17 5 81 -1 0.364169 0.192 
1 14 4 23 11 -1351 -1 0.347075 0.792 
1 8 6 17 7 -73 1 0.3677 0.13 
1 10 20 11 21 5 -1 0.389732 0.236 
1 12 0 13 5 -2 -1 0.383555 0.46 
2 2 4 7 5 415 1 0.334985 0.356 
0 16 10 19 11 38 -1 0.415058 0.168 
0 8 4 9 7 -7 1 0.351673 0.298 
4 16 12 19 13 -7 -1 0.395828 0.63 
0 0 12 5 19 855 -1 0.377847 0.076 
0 0 18 5 19 -37 1 0.34665 0.23 
1 16 2 17 9 57 1 0.342471 0.686 
1 2 6 17 7 -210 1 0.371365 0.046 
1 10 2 15 11 -131 -1 0.388443 0.554 
0 8 18 15 21 469 -1 0.401176 0.122 
1 12 2 15 5 27 -1 0.413066 0.346 
1 4 2 7 7 15 1 0.4456 0.538 
0 2 2 3 7 -54 1 0.39539 0.078 
4 14 0 17 3 -38 -1 0.416281 0.658 
0 0 22 7 23 263 -1 0.428605 0.082 
1 12 12 15 17 225 1 0.387317 0.716 
0 4 2 7 3 -10 1 0.408408 0.328 
1 6 20 19 21 60 -1 0.365897 0.174 
1 16 18 19 19 -1 -1 0.423638 0.55 
1 10 6 17 7 -36 1 0.376742 0.19 
0 16 12 19 15 35 -1 0.402804 0.302 
0 12 12 17 23 -1269 1 0.355897 0.1 
1 6 8 23 9 -30 1 0.358336 0.346 
4 4 0 5 5 10 1 0.41483 0.668 
0 2 0 3 11 -90 1 0.424932 0.06 
1 10 4 17 13 -1288 -1 0.404573 0.79 
0 10 8 11 13 35 -1 0.360182 0.116 
0 6 4 9 7 -73 1 0.416176 0.226 
0 6 18 7 19 -4 1 0.441149 0.2 
4 4 6 11 11 -328 -1 0.441422 0.708 
0 20 8 21 13 -25 1 0.399409 0.148 
4 0 2 5 5 -128 1 0.395271 0.252 
0 12 10 13 17 22 -1 0.440098 0.22 
1 2 8 3 11 44 1 0.391176 0.798 
0 16 14 19 19 209 -1 0.399159 0.136 
2 12 16 13 23 667 1 0.382116 0.394 
4 2 8 5 9 6 -1 0.421584 0.356 
1 18 6 23 7 6 1 0.426846 0.604 
4 6 14 9 15 30 -1 0.414404 0.146 
1 14 6 17 9 -97 1 0.36336 0.232 
1 22 4 23 9 -70 -1 0.394057 0.706 
1 10 12 15 13 -15 1 0.402762 0.262 
1 6 8 19 13 187 -1 0.406268 0.406 
0 8 18 15 23 621 -1 0.362291 0.138 
0 8 2 9 7 -16 1 0.417537 0.222 
0 0 10 1 17 13 -1 0.409858 0.23 
1 20 4 23 5 5 1 0.398088 0.63 
0 16 6 19 11 210 -1 0.399049 0.124 
1 0 6 9 9 -65 1 0.363981 0.404 
1 8 12 11 13 14 -1 0.41179 0.168 
4 16 0 17 3 7 -1 0.399767 0.324 
4 0 6 11 13 -972 -1 0.380086 0.756 
4 0 14 7 15 -99 1 0.35957 0.09 
0 2 0 5 3 -58 1 0.37465 0.254 
4 0 16 1 19 -12 -1 0.38126 0.658 
4 8 20 15 21 45 -1 0.351477 0.208 
0 16 8 19 17 212 -1 0.428648 0.18 
1 12 10 15 15 263 1 0.386061 0.754 
0 2 14 7 19 94 -1 0.392196 0.306 
1 14 10 19 13 59 -1 0.398452 0.34 
4 8 12 11 13 6 -1 0.433522 0.328 
0 4 20 7 21 -31 1 0.406714 0.178 
1 4 4 7 7 10 1 0.398799 0.542 
0 10 2 13 11 224 -1 0.431032 0.178 
1 14 6 17 7 -26 1 0.446448 0.132 
1 4 4 17 11 976 1 0.395609 0.728 
4 8 14 13 17 -166 1 0.382812 0.21 
1 10 2 23 5 355 -1 0.413791 0.236 
1 6 10 9 13 63 -1 0.405789 0.252 
1 10 20 15 21 27 -1 0.424366 0.174 
4 8 12 13 15 135 1 0.419578 0.746 
0 12 10 13 15 27 -1 0.370273 0.156 
0 0 14 3 17 -78 1 0.434867 0.21 
1 2 4 5 7 23 1 0.394049 0.634 
0 4 20 5 23 32 -1 0.411141 0.118 
4 10 0 15 5 -335 -1 0.438806 0.772 
0 10 2 11 15 -43 1 0.462366 0.192 
0 8 2 9 9 -22 1 0.431008 0.212 
3 0 12 1 15 331 1 0.421973 0.426 
0 10 12 11 13 6 -1 0.402516 0.142 
4 8 8 15 11 -257 -1 0.391166 0.794 
0 6 2 7 7 -12 1 0.390356 0.226 
1 4 6 17 9 -693 1 0.364804 0.162 
0 4 6 5 7 2 -1 0.449134 0.306 
1 4 4 17 5 75 -1 0.455461 0.172 
4 18 4 19 7 13 1 0.441135 0.732 
4 2 10 5 13 -37 1 0.428663 0.272 
1 16 14 17 17 -1 -1 0.411205 0.514 
0 16 14 19 17 71 -1 0.44928 0.216 
0 12 6 17 23 -1661 1 0.431629 0.116 
1 10 8 21 13 -570 -1 0.365498 0.716 
1 10 20 19 21 51 -1 0.415996 0.16 
0 4 2 5 3 -2 1 0.443111 0.34 
0 2 0 3 21 -85 1 0.433124 0.14 
4 4 0 7 1 -25 -1 0.403236 0.746 
0 16 6 17 7 -8 1 0.415234 0.146 
1 0 6 5 7 -16 1 0.42001 0.24 
0 14 0 15 9 -32 -1 0.437141 0.786 
0 20 4 21 21 -207 1 0.444769 0.036 
1 10 4 17 9 227 1 0.374755 0.662 
0 2 8 5 19 -862 1 0.422718 0.072 
1 6 0 15 5 94 -1 0.390466 0.392 
1 18 2 19 5 57 1 0.431699 0.81 
1 4 10 15 11 72 -1 0.418254 0.142 
4 0 20 7 21 -98 1 0.433995 0.096 
1 10 8 13 9 -49 -1 0.41768 0.88 
4 10 16 15 17 -64 1 0.445005 0.164 
1 16 12 17 13 -3 -1 0.471837 0.64 
0 8 6 9 13 -35 1 0.444011 0.14 
0 18 0 19 5 1 -1 0.45324 0.462 
4 2 4 5 9 54 -1 0.429872 0.344 
0 10 4 11 11 -18 1 0.443381 0.264 
1 12 6 15 7 -11 1 0.443187 0.25 
0 2 2 3 9 -31 1 0.41815 0.146 
1 6 8 9 15 449 1 0.421192 0.758 
0 2 12 5 17 211 -1 0.415243 0.108 
1 4 8 21 13 -76 -1 0.390862 0.512 
0 0 10 5 17 -515 1 0.404004 0.182 
4 8 2 13 9 291 -1 0.413106 0.232 
0 14 18 15 23 -3 -1 0.452971 0.562 
1 12 2 17 5 114 -1 0.400729 0.258 
0 6 4 9 5 -26 1 0.401656 0.24 
0 6 8 11 23 260 -1 0.419111 0.308 
0 8 22 13 23 -107 1 0.454041 0.162 
1 4 12 11 17 852 1 0.406088 0.796 
0 0 0 3 23 -1238 1 0.415217 0.06 
1 0 4 15 9 182 1 0.392827 0.62 
0 0 14 5 23 835 -1 0.389686 0.124 
1 2 10 9 13 -16 -1 0.43636 0.524 
0 16 10 19 19 502 -1 0.396836 0.098 
4 16 0 19 1 9 1 0.440688 0.678 
0 14 12 15 13 -4 1 0.426483 0.22 
1 4 6 5 7 -4 1 0.451117 0.272 
0 4 0 7 3 -43 1 0.464124 0.26 
1 8 20 15 21 40 -1 0.411805 0.182 
4 8 2 11 3 6 1 0.438814 0.584 
1 14 10 17 11 17 -1 0.412925 0.174 
4 6 0 13 5 -815 -1 0.41322 0.856 
0 2 18 7 19 -55 1 0.40652 0.198 
4 2 2 5 5 -170 1 0.431818 0.126 
0 8 4 9 5 3 1 0.416135 0.676 
3 8 4 9 7 215 1 0.39556 0.256 
0 18 10 19 11 2 -1 0.435454 0.314 
0 8 12 11 13 -2 -1 0.449179 0.494 
4 6 20 9 21 -13 1 0.44816 0.27 
1 4 6 15 7 -156 1 0.44679 0.056 
4 6 4 9 13 194 1 0.347791 0.726 
4 14 6 17 9 -77 1 0.448819 0.208 
0 2 0 3 9 -68 1 0.447584 0.086 
1 10 4 15 13 987 1 0.386722 0.802 
1 10 0 15 11 76 -1 0.425165 0.438 
0 6 20 7 21 -11 1 0.459932 0.102 
1 2 4 17 9 19 1 0.434573 0.538 
0 16 14 19 23 -698 1 0.450999 0.076 
4 12 0 15 7 -105 -1 0.453558 0.664 
1 10 6 15 7 -27 1 0.448117 0.186 
1 16 0 19 1 0 1 0.431446 0.486 
0 16 8 19 15 220 -1 0.4188 0.154 
1 6 10 11 13 35 -1 0.423152 0.35 
1 10 20 17 21 65 -1 0.43862 0.112 
4 16 4 19 5 -22 -1 0.39865 0.782 
0 8 8 15 23 -1686 1 0.41141 0.14 
0 8 18 15 19 52 -1 0.416441 0.274 
1 0 6 1 7 7 1 0.400462 0.762 
4 2 4 3 7 15 -1 0.42422 0.224 
0 16 0 17 3 6 -1 0.445614 0.292 
0 2 0 5 5 -59 1 0.464011 0.3 
1 14 20 15 21 0 -1 0.412507 0.454 
4 4 12 7 17 148 -1 0.424743 0.188 
0 6 2 9 9 -109 1 0.431846 0.25 
0 14 16 15 21 12 -1 0.425973 0.238 
0 4 14 5 23 54 -1 0.405004 0.144 
4 20 4 21 5 9 1 0.423417 0.836 
1 12 8 17 9 -15 1 0.441712 0.278 
0 10 16 13 21 70 -1 0.424541 0.252 
1 6 6 21 7 -140 1 0.418468 0.112 
1 22 6 23 9 -61 -1 0.339818 0.804 
0 16 12 19 23 -730 1 0.441055 0.084 
4 6 0 11 3 166 1 0.396399 0.742 
0 4 6 5 9 24 -1 0.439148 0.112 
1 10 2 13 11 -251 -1 0.387124 0.646 
1 14 10 21 13 112 -1 0.451707 0.3 
0 0 18 5 21 -387 1 0.435394 0.08 
0 6 0 7 3 -11 1 0.431865 0.216 
4 2 0 5 3 -40 1 0.411182 0.332 
4 12 6 15 9 12 -1 0.443435 0.422 
4 2 20 9 21 -46 1 0.443706 0.198 
1 4 12 15 17 710 1 0.448152 0.716 
1 14 4 19 7 -227 1 0.435417 0.162 
0 10 0 13 15 54 -1 0.46804 0.386 
1 10 14 11 15 -13 1 0.451333 0.118 
1 20 16 23 19 96 1 0.466525 0.72 
0 2 6 3 23 -51 1 0.44739 0.208 
1 14 10 15 15 -29 -1 0.50085 0.624 
0 4 16 7 19 -241 1 0.420747 0.056 
1 2 4 21 11 1667 1 0.425799 0.76 
0 14 18 17 23 -486 1 0.417936 0.042 
1 18 2 21 3 18 1 0.430432 0.782 
1 16 0 17 1 -1 1 0.477349 0.382 
1 0 12 5 13 4 -1 0.446853 0.404 
4 10 12 11 13 4 -1 0.448106 0.202 
4 2 6 5 9 8 -1 0.45909 0.454 
1 4 10 11 11 44 -1 0.419859 0.17 
1 2 2 7 11 552 1 0.422403 0.742 
0 12 16 17 19 213 -1 0.404398 0.174 
1 4 0 9 7 -405 -1 0.441633 0.682 
4 2 8 3 15 -69 1 0.454225 0.138 
1 10 10 17 15 -193 -1 0.437035 0.622 
3 0 0 3 7 1244 1 0.463818 0.164 
1 18 4 19 11 -198 -1 0.486255 0.832 
4 4 8 5 15 -99 1 0.42777 0.092 
1 14 2 15 5 49 -1 0.454529 0.174 
1 4 10 11 15 966 1 0.404211 0.83 
1 8 20 17 21 83 -1 0.430357 0.108 
1 4 2 5 3 10 1 0.43253 0.794 
0 4 10 13 21 2140 -1 0.383717 0.116 
0 6 2 9 7 -103 1 0.44404 0.214 
1 8 6 15 7 -58 1 0.462387 0.142 
4 6 4 13 11 -97 -1 0.458374 0.54 
1 6 6 11 9 -92 1 0.437561 0.332 
0 20 2 21 21 -187 1 0.404127 0.058 
1 10 4 23 11 -2062 -1 0.403696 0.828 
0 16 8 19 13 201 -1 0.392636 0.142 
3 10 6 17 9 1605 1 0.437755 0.296 
1 4 4 15 11 1245 1 0.447777 0.798 
0 0 2 3 5 -196 1 0.371513 0.09 
1 6 8 15 13 251 -1 0.434818 0.346 
1 10 12 13 13 -8 1 0.43073 0.3 
4 4 2 5 5 -20 1 0.430741 0.182 
4 18 8 19 9 4 1 0.456486 0.692 
1 6 6 7 7 -24 1 0.440283 0.05 
1 12 4 21 9 32 1 0.403888 0.542 
3 0 14 3 17 1637 -1 0.460268 0.254 
1 2 6 3 7 6 1 0.414778 0.712 
0 0 16 5 19 -208 1 0.454169 0.172 
1 10 2 15 5 20 -1 0.467653 0.396 
0 6 2 7 3 -5 1 0.440608 0.192 
1 16 12 19 13 -13 -1 0.428655 0.728 
4 12 0 13 3 -15 1 0.446592 0.266 
4 18 16 19 19 25 -1 0.471159 0.156 
0 10 2 11 5 6 1 0.45733 0.674 
1 14 10 19 11 11 -1 0.443536 0.3 
0 16 14 17 21 12 -1 0.416485 0.302 
4 8 6 15 11 -365 -1 0.419541 0.754 
0 0 8 1 17 53 -1 0.445726 0.108 
1 2 6 9 9 -92 1 0.414765 0.354 
0 8 2 9 5 -5 1 0.439201 0.288 
0 16 14 19 15 49 -1 0.396334 0.152 
4 0 0 5 5 -72 1 0.435279 0.384 
0 4 8 11 23 719 -1 0.44082 0.248 
3 6 14 9 17 1111 1 0.371023 0.53 
0 0 6 5 11 -266 1 0.458288 0.204 
4 2 14 7 17 115 -1 0.408347 0.228 
2 2 6 9 9 1068 -1 0.408383 0.806 
0 12 14 17 23 -1048 1 0.374338 0.108 
0 6 18 9 21 -46 1 0.431263 0.258 
1 12 8 17 15 -304 -1 0.431436 0.636 
0 20 0 21 21 -186 1 0.422294 0.06 
1 16 16 23 17 -5 -1 0.396373 0.548 
1 4 6 21 7 -137 1 0.48925 0.12 
0 10 2 13 21 81 -1 0.418071 0.364 
1 12 2 19 5 276 -1 0.451807 0.188 
1 18 8 23 11 145 1 0.472072 0.788 
0 10 10 11 13 24 -1 0.459395 0.112 
1 0 8 1 9 8 1 0.451162 0.788 
0 18 8 19 19 41 -1 0.393974 0.174 
3 4 2 7 7 1079 1 0.440062 0.254 
0 14 16 15 19 1 -1 0.452579 0.418 
1 12 8 19 9 -5 1 0.449304 0.408 
4 12 14 15 15 16 -1 0.46542 0.22 
1 14 12 17 13 13 -1 0.440148 0.21 
4 0 10 11 15 -467 -1 0.450526 0.674 
0 8 4 9 9 -22 1 0.470408 0.186 
0 4 16 13 19 608 -1 0.443706 0.142 
1 6 4 19 13 -1541 -1 0.417113 0.74 
4 8 0 15 5 530 -1 0.439283 0.156 
4 4 20 9 21 -8 1 0.46751 0.378 
0 2 4 3 13 -53 1 0.447719 0.118 
1 0 4 1 5 -10 -1 0.41501 0.806 
1 6 6 19 7 -125 1 0.430428 0.116 
0 6 18 7 23 -7 1 0.470589 0.318 
0 2 10 5 23 951 -1 0.430678 0.052 
4 2 14 3 15 12 1 0.38789 0.864 
1 22 2 23 9 -8 -1 0.464496 0.504 
1 14 8 15 9 -7 1 0.458502 0.206 
4 6 4 9 9 -93 1 0.477714 0.29 
0 12 14 17 21 -1010 1 0.434619 0.086 
4 16 8 19 9 32 1 0.439247 0.808 
0 2 6 3 9 -20 1 0.456614 0.122 
1 10 12 11 17 126 1 0.472959 0.78 
4 2 8 5 15 -919 1 0.411649 0.044 
1 6 4 9 9 19 1 0.397013 0.568 
1 8 2 17 5 193 -1 0.45273 0.248 
1 8 20 23 21 82 -1 0.457908 0.172 
1 2 6 5 7 2 1 0.423411 0.49 
0 16 6 19 19 480 -1 0.433881 0.126 
4 0 18 1 19 -2 -1 0.433934 0.598 
0 16 10 19 23 -609 1 0.459948 0.108 
1 16 12 21 13 -38 -1 0.42109 0.822 
1 10 14 13 15 -28 1 0.448859 0.138 
4 12 20 17 21 32 -1 0.445602 0.206 
0 14 0 15 7 -37 -1 0.382959 0.84 
0 14 20 15 21 0 -1 0.441732 0.438 
1 16 4 17 5 9 -1 0.444235 0.178 
0 0 20 1 23 3 1 0.488127 0.552 
0 20 4 21 5 2 1 0.484875 0.614 
4 10 6 13 9 94 -1 0.445348 0.17 
4 2 0 5 5 -46 1 0.478468 0.36 
0 0 8 1 21 66 -1 0.424827 0.148 
3 0 20 1 21 118 1 0.438525 0.462 
1 12 14 15 15 17 -1 0.450179 0.22 
1 6 12 11 13 18 -1 0.448143 0.218 
1 18 10 19 11 -4 -1 0.424279 0.696 
0 0 2 3 23 -1315 1 0.429431 0.05 
1 8 4 17 11 1090 1 0.351605 0.79 
0 0 12 5 17 639 -1 0.423525 0.09 
0 6 6 9 7 -36 1 0.467304 0.192 
0 16 10 19 15 128 -1 0.477204 0.18 
1 6 10 19 11 56 -1 0.430465 0.2 
1 20 4 21 5 6 1 0.425045 0.776 
4 2 20 7 21 -49 1 0.436611 0.146 
1 2 6 23 9 -155 1 0.455452 0.388 
0 16 10 17 15 13 -1 0.420596 0.208 
4 14 0 17 5 59 -1 0.471395 0.314 
0 2 4 3 9 -51 1 0.457693 0.078 
4 0 12 11 13 -2 -1 0.422547 0.514 
0 4 4 9 9 -103 1 0.445328 0.33 
1 14 6 21 7 -36 1 0.467874 0.192 
1 8 2 23 5 400 -1 0.443614 0.222 
0 10 2 11 11 -15 1 0.44281 0.29 
4 8 6 9 9 -13 1 0.435378 0.234 
1 6 8 17 13 194 -1 0.444799 0.4 
0 2 18 5 21 -176 1 0.433424 0.092 
1 0 2 7 7 -16 1 0.448781 0.49 
0 10 6 11 9 14 -1 0.43707 0.176 
1 12 6 15 13 453 1 0.436068 0.79 
3 10 20 21 21 867 1 0.466736 0.318 
2 8 2 13 7 2194 -1 0.456328 0.58 
0 10 4 11 9 -22 1 0.47268 0.204 
0 16 0 19 11 45 -1 0.468657 0.382 
1 8 12 15 13 -37 1 0.468562 0.196 
1 0 20 1 21 -4 -1 0.444834 0.678 
4 16 6 19 9 -36 1 0.458966 0.294 
0 0 8 5 13 -221 1 0.446856 0.234 
0 2 10 5 17 173 -1 0.428191 0.172 
4 0 6 11 11 -972 -1 0.43708 0.836 
1 0 10 23 13 449 -1 0.420389 0.224 
4 8 6 9 7 -4 1 0.415143 0.232 
0 10 2 13 23 88 -1 0.432813 0.374 
1 4 6 15 9 -392 1 0.48336 0.214 
4 8 12 11 17 -84 1 0.451092 0.274 
1 12 10 13 15 80 1 0.384819 0.738 
0 8 22 15 23 -208 1 0.416781 0.112 
0 12 18 15 21 15 -1 0.441139 0.362 
0 4 2 9 3 -23 1 0.464037 0.316 
1 10 6 19 7 -43 1 0.418992 0.194 
1 20 6 21 7 -10 -1 0.438332 0.836 
0 0 2 3 7 -237 1 0.407985 0.122 
0 18 8 19 17 35 -1 0.435753 0.178 
1 2 16 3 17 -6 -1 0.458507 0.706 
0 14 20 17 23 -211 1 0.410538 0.09 
1 10 2 19 11 -1490 -1 0.457638 0.792 
4 8 0 9 3 6 -1 0.431258 0.36 
1 0 6 15 7 -158 1 0.442388 0.088 
1 14 4 15 13 211 1 0.468082 0.786 
1 6 14 17 15 53 -1 0.42933 0.198 
2 8 14 11 15 244 1 0.425629 0.336 
1 18 16 19 17 1 -1 0.468704 0.39 
1 8 10 11 15 284 1 0.495956 0.75 
0 14 0 17 5 238 -1 0.45243 0.128 
4 14 4 17 9 25 1 0.428987 0.57 
4 4 6 5 9 32 -1 0.46592 0.118 
0 14 2 15 9 -19 -1 0.460342 0.73 
0 12 10 13 19 36 -1 0.473265 0.19 
4 12 4 13 11 16 -1 0.459747 0.32 
0 8 6 13 13 382 1 0.497941 0.786 
1 2 4 15 5 128 -1 0.461001 0.112 
1 6 6 19 13 -723 -1 0.455498 0.646 
0 2 2 3 23 -144 1 0.41747 0.076 
0 2 12 3 15 12 -1 0.445323 0.178 
1 2 2 5 5 104 1 0.396894 0.766 
1 8 20 13 21 38 -1 0.46872 0.156 
1 6 6 9 9 -56 1 0.468949 0.298 
1 10 2 11 9 2 -1 0.435379 0.456 
1 8 12 13 13 51 -1 0.464855 0.088 
0 12 0 13 3 25 1 0.425773 0.86 
4 12 14 15 17 -87 1 0.482518 0.218 
3 14 6 23 7 746 1 0.477297 0.338 
4 2 10 3 11 4 1 0.445004 0.716 
3 8 2 9 5 476 -1 0.464341 0.314 
4 12 0 15 5 -194 -1 0.462731 0.808 
0 16 4 17 9 -11 1 0.440142 0.258 
0 12 14 17 15 43 -1 0.424342 0.262 
0 12 8 17 23 -1585 1 0.492584 0.104 
0 10 2 13 9 168 -1 0.446904 0.186 
1 4 10 7 13 17 -1 0.482955 0.382 
1 22 2 23 5 -14 -1 0.4773 0.646 
1 4 6 19 7 -157 1 0.455391 0.088 
0 14 10 15 13 -2 1 0.436826 0.428 
0 18 8 19 13 2 -1 0.479828 0.404 
0 4 0 7 1 -20 1 0.479985 0.244 
4 2 0 7 1 1 -1 0.474147 0.47 
1 18 0 23 3 6 1 0.445178 0.526 
1 2 8 11 9 -35 1 0.472354 0.282 
1 14 4 17 7 -113 1 0.455469 0.198 
1 8 14 9 17 18 1 0.469365 0.66 
0 2 4 3 21 -99 1 0.454336 0.112 
0 6 2 9 15 -15 1 0.468674 0.46 
1 4 10 17 11 74 -1 0.421992 0.162 
0 8 16 15 21 539 -1 0.424642 0.162 
1 8 0 11 5 97 -1 0.450529 0.314 
1 4 8 11 13 49 -1 0.412336 0.426 
0 14 20 15 23 14 -1 0.446615 0.176 
1 8 4 15 11 812 1 0.466636 0.78 
0 8 6 9 9 -29 1 0.397284 0.106 
1 0 12 1 15 34 1 0.447879 0.752 
0 10 10 11 11 -9 1 0.448818 0.134 
1 4 0 5 1 12 1 0.424015 0.848 
1 18 0 19 3 0 1 0.396766 0.488 
1 2 12 3 13 -2 -1 0.440103 0.596 
1 0 20 13 21 34 -1 0.399067 0.25 
4 16 12 17 17 30 -1 0.470425 0.164 
1 12 8 13 15 255 1 0.465838 0.856 
0 0 8 1 15 67 -1 0.420948 0.076 
4 6 0 9 9 -158 1 0.45051 0.266 
1 0 0 1 3 17 1 0.47378 0.658 
3 10 2 11 7 416 1 0.447249 0.314 
0 18 6 19 13 18 -1 0.447805 0.234 
1 12 2 13 5 -10 -1 0.440902 0.58 
0 8 22 9 23 3 -1 0.478678 0.272 
0 2 16 5 19 -51 1 0.455477 0.24 
1 0 16 3 17 -18 -1 0.447104 0.734 
0 12 10 17 23 -1477 1 0.433098 0.1 
1 10 6 17 13 -579 -1 0.445699 0.704 
1 8 20 19 21 94 -1 0.450021 0.112 
4 4 10 5 13 4 1 0.476299 0.568 
1 4 6 9 7 -36 1 0.414811 0.162 
1 6 18 7 19 -2 -1 0.466001 0.62 
0 20 2 21 15 -49 1 0.454317 0.162 
4 12 0 13 1 -10 -1 0.456965 0.842 
0 2 8 3 9 -18 1 0.411611 0.066 
2 8 8 13 13 4153 1 0.475638 0.688 
0 12 22 17 23 -251 1 0.458212 0.04 
1 16 6 17 9 -40 1 0.445191 0.216 
0 0 10 5 11 -11 1 0.463573 0.384 
0 10 20 15 21 83 -1 0.48211 0.164 
1 20 6 23 7 6 1 0.407056 0.624 
0 6 10 9 11 -33 1 0.465369 0.192 
4 0 2 11 7 684 1 0.418047 0.744 
0 16 0 17 1 3 -1 0.450484 0.266 
4 6 12 7 17 5 -1 0.483516 0.412 
1 4 4 15 5 88 -1 0.4948 0.14 
1 8 10 21 15 342 -1 0.449271 0.374 
4 8 14 11 17 14 1 0.497607 0.554 
1 12 12 15 13 -15 1 0.487958 0.212 
0 6 0 9 9 8 1 0.444681 0.5 
0 0 12 5 23 -658 1 0.448765 0.162 
3 8 14 13 17 1822 1 0.436979 0.52 
1 4 6 7 7 -37 1 0.423439 0.112 
1 2 8 3 9 -11 -1 0.448726 0.818 
0 20 2 21 23 -279 1 0.438519 0.024 
1 0 6 15 9 -115 1 0.380801 0.402 
0 2 0 5 1 -40 1 0.46861 0.19 
2 2 6 5 7 210 -1 0.450601 0.696 
3 8 4 21 9 4300 1 0.411912 0.19 
1 12 14 15 17 104 1 0.432288 0.744 
4 2 20 5 21 -45 1 0.450844 0.114 
1 16 12 17 17 21 -1 0.472269 0.396 
1 16 6 17 7 -4 1 0.442431 0.264 
1 22 0 23 9 -71 -1 0.450172 0.63 
0 8 20 9 21 -8 1 0.475109 0.13 
1 0 2 5 3 34 1 0.436637 0.788 
0 10 22 15 23 -92 1 0.481764 0.186 
0 18 2 19 3 -1 -1 0.452643 0.486 
0 10 18 15 21 280 -1 0.471904 0.12 
1 6 0 13 5 181 -1 0.477959 0.336 
0 6 6 9 9 -10 1 0.460454 0.42 
1 4 10 19 11 48 -1 0.472876 0.232 
0 2 0 3 15 -38 1 0.457306 0.174 
1 2 4 19 11 937 1 0.454242 0.688 
1 4 10 11 13 220 -1 0.424456 0.162 
0 2 22 11 23 113 -1 0.473727 0.206 
4 10 20 11 21 -3 -1 0.463413 0.676 
4 10 12 15 13 -13 1 0.463359 0.32 
0 8 8 9 13 -12 1 0.48612 0.224 
1 2 18 3 19 -8 -1 0.487437 0.78 
3 10 2 11 9 1001 -1 0.449106 0.36 
1 2 10 23 13 282 -1 0.457064 0.298 
1 10 6 13 7 -9 1 0.457216 0.286 
0 6 2 7 5 -4 1 0.427739 0.346 
0 16 12 19 19 271 -1 0.475066 0.142 
1 0 2 1 5 -29 -1 0.458299 0.714 
1 18 0 19 5 5 1 0.434169 0.582 
0 14 16 17 23 -493 1 0.457889 0.074 
1 12 4 17 9 147 1 0.426171 0.666 
0 2 2 3 5 -54 1 0.435214 0.048 
0 10 4 13 9 73 -1 0.474714 0.264 
1 6 2 15 5 123 -1 0.473517 0.308 
1 0 4 17 7 -870 1 0.426757 0.114 
4 6 4 11 9 177 1 0.437855 0.712 
0 8 0 9 7 -28 1 0.474769 0.188 
0 2 16 3 21 4 -1 0.472967 0.394 
0 2 20 7 21 -90 1 0.459943 0.148 
4 14 2 15 7 -73 -1 0.387087 0.904 
4 10 16 13 17 43 -1 0.439589 0.134 
4 10 8 11 9 -7 -1 0.454255 0.774 
1 12 20 13 21 10 -1 0.470037 0.156 
4 4 14 7 17 45 -1 0.480373 0.28 
1 0 10 11 11 5 -1 0.465471 0.436 
0 6 0 9 11 -117 1 0.496267 0.274 
1 10 12 11 13 6 -1 0.469002 0.164 
0 6 8 9 23 -162 -1 0.469878 0.724 
3 0 12 3 15 897 1 0.480246 0.384 
0 10 14 13 21 99 -1 0.479186 0.248 
1 14 16 19 19 30 -1 0.462419 0.388 
1 10 4 13 5 24 -1 0.484396 0.15 
4 10 4 13 11 37 -1 0.409743 0.402 
0 4 0 13 9 339 1 0.470738 0.652 
0 14 2 15 23 -20 -1 0.477178 0.636 
0 16 14 17 23 8 -1 0.477297 0.38 
0 12 20 17 23 -528 1 0.467304 0.074 
1 10 10 11 15 109 1 0.375607 0.786 
0 16 6 19 15 348 -1 0.431702 0.122 
0 10 6 13 7 13 -1 0.467828 0.308 
0 2 14 5 17 153 -1 0.486015 0.106 
4 12 2 17 3 -43 -1 0.406868 0.788 
0 2 6 3 21 -73 1 0.491583 0.144 
4 6 12 11 13 -3 -1 0.50317 0.49 
1 2 6 11 9 -112 1 0.477407 0.358 
4 2 0 3 11 -89 1 0.473323 0.126 
1 0 8 1 11 -36 -1 0.442148 0.746 
0 2 0 3 17 87 -1 0.455678 0.146 
1 14 8 17 15 -136 -1 0.472948 0.618 
1 10 2 13 5 115 -1 0.443064 0.172 
2 0 0 7 3 1840 1 0.465934 0.38 
1 6 20 13 21 57 -1 0.485923 0.14 
1 14 4 19 11 -733 -1 0.439853 0.786 
0 14 10 15 17 -35 1 0.485615 0.156 
1 10 4 17 11 662 1 0.469655 0.732 
1 12 6 17 7 -42 1 0.422085 0.13 
4 0 0 7 1 8 -1 0.450089 0.378 
1 4 10 21 11 67 -1 0.478454 0.194 
1 12 6 19 9 -139 1 0.487836 0.286 
0 16 10 17 19 37 -1 0.433402 0.152 
0 4 4 9 7 -37 1 0.457102 0.39 
0 6 10 9 17 177 -1 0.447651 0.204 
1 2 10 3 11 9 1 0.480781 0.82 
0 2 0 3 13 -90 1 0.445832 0.07 
0 2 6 3 15 35 -1 0.442389 0.192 
1 12 12 13 17 204 1 0.389822 0.852 
4 0 6 5 9 128 -1 0.463466 0.252 
3 8 20 13 21 550 1 0.467076 0.486 
4 4 16 7 17 16 -1 0.468663 0.242 
0 14 2 17 3 19 -1 0.51777 0.26 
4 8 6 11 11 17 -1 0.502033 0.424 
1 2 4 9 9 -22 1 0.461931 0.526 
0 0 8 11 19 -3479 1 0.436752 0.076 
0 10 8 13 9 27 -1 0.449232 0.192 
0 16 8 19 19 152 -1 0.470798 0.232 
4 0 0 7 7 382 1 0.445701 0.702 
0 12 2 13 7 8 -1 0.458483 0.328 
1 4 4 17 7 -900 1 0.444032 0.1 
4 8 6 13 13 558 1 0.470518 0.836 
4 8 14 15 15 19 -1 0.431724 0.312 
1 0 4 23 5 80 -1 0.454759 0.216 
0 2 6 3 11 -24 1 0.479076 0.152 
1 18 4 23 5 22 1 0.44555 0.772 
3 22 4 23 9 768 -1 0.47097 0.322 
2 8 14 13 15 800 1 0.447262 0.652 
4 20 0 21 3 32 -1 0.484514 0.122 
4 12 8 15 9 -5 -1 0.494021 0.574 
0 2 10 5 13 -76 1 0.496043 0.2 
1 16 10 17 15 -4 -1 0.483487 0.506 
0 2 6 5 9 143 -1 0.436343 0.136 
1 0 6 17 7 -61 1 0.462962 0.216 
1 2 4 3 7 -60 -1 0.502524 0.834 
0 0 0 5 11 -1008 1 0.46423 0.136 
1 0 12 9 13 27 -1 0.48292 0.258 
0 6 2 9 11 -121 1 0.466955 0.262 
0 8 16 15 23 1035 -1 0.48181 0.11 
4 2 0 7 5 169 1 0.463032 0.7 
0 12 2 17 23 -1142 1 0.421748 0.174 
4 2 6 11 11 -514 -1 0.477718 0.724 
1 6 20 17 21 99 -1 0.471951 0.116 
1 6 2 9 5 26 -1 0.446516 0.36 
0 0 4 3 23 -957 1 0.482288 0.078 
1 4 8 17 13 148 -1 0.448396 0.418 
0 8 6 9 7 -12 1 0.476137 0.118 
1 8 4 13 13 972 1 0.425292 0.816 
3 8 0 19 7 4905 1 0.46528 0.194 
4 4 4 11 9 374 1 0.504011 0.746 
0 2 2 3 17 -160 1 0.455648 0.046 
1 20 8 23 11 71 1 0.449643 0.746 
2 20 0 21 1 96 -1 0.473478 0.566 
1 0 12 1 13 -2 -1 0.487602 0.584 
0 16 6 19 21 491 -1 0.461722 0.134 
4 12 2 17 5 250 -1 0.473619 0.138 
1 0 16 1 17 -5 -1 0.4522 0.702 
1 14 10 15 13 38 -1 0.493276 0.18 
0 16 4 17 7 -8 1 0.484934 0.26 
1 0 2 1 3 6 1 0.457042 0.734 
1 8 20 11 21 11 -1 0.454675 0.264 
4 16 16 17 19 18 -1 0.457592 0.194 
1 0 6 7 7 -21 1 0.494124 0.254 
4 12 12 15 17 -212 1 0.485684 0.17 
0 14 2 15 19 -20 -1 0.425929 0.66 
1 4 8 9 15 1365 1 0.514018 0.86 
0 10 0 15 3 286 -1 0.440194 0.132 
0 0 12 11 23 -2332 1 0.484543 0.118 
1 10 8 19 9 -15 1 0.47672 0.35 
1 20 8 21 11 -3 -1 0.478979 0.506 
0 12 16 13 23 16 -1 0.490238 0.272 
0 2 14 5 15 28 -1 0.503412 0.17 
4 8 0 9 1 9 1 0.469546 0.874 
0 2 4 3 23 -101 1 0.462517 0.124 
0 6 0 7 7 -2 1 0.454151 0.446 
4 6 0 9 5 22 -1 0.504442 0.432 
2 0 2 5 23 8294 1 0.471289 0.304 
1 12 6 17 13 444 1 0.467341 0.716 
0 18 6 19 11 71 -1 0.467563 0.082 
1 8 8 13 13 -13 -1 0.41711 0.512 
1 0 6 7 9 -31 1 0.467908 0.448 
0 16 12 19 17 296 -1 0.425309 0.096 
0 2 14 5 23 291 -1 0.475401 0.152 
4 4 0 9 7 393 1 0.49259 0.75 
4 8 4 9 13 -45 1 0.465335 0.194 
0 2 10 5 11 -18 1 0.447675 0.256 
4 4 10 13 15 1401 1 0.466589 0.886 
0 20 0 21 17 -71 1 0.41476 0.146 
1 14 4 15 5 6 -1 0.484497 0.212 
0 0 10 5 23 -799 1 0.46403 0.16 
4 14 2 17 3 -28 -1 0.483021 0.798 
1 12 20 15 21 35 -1 0.473443 0.122 
1 2 10 13 11 43 -1 0.480904 0.214 
1 0 6 15 11 907 1 0.472383 0.8 
1 2 12 21 13 80 -1 0.449991 0.162 
0 6 0 9 7 -56 1 0.484182 0.318 
0 6 18 13 19 94 -1 0.479925 0.206 
4 4 6 11 9 -165 -1 0.467079 0.7 
0 18 10 19 23 -170 1 0.505923 0.044 
1 8 12 13 17 855 1 0.423146 0.838 
0 8 2 15 5 754 -1 0.458287 0.072 
3 4 14 13 17 3483 1 0.478261 0.564 
2 10 2 13 9 3042 -1 0.492847 0.346 
1 2 0 7 5 400 1 0.495118 0.772 
1 0 4 21 5 151 -1 0.472196 0.132 
1 0 14 15 15 43 -1 0.488907 0.262 
1 16 2 17 3 -1 -1 0.483368 0.514 
0 18 2 19 11 -6 -1 0.487524 0.562 
2 0 6 3 11 936 1 0.493545 0.188 
4 16 12 17 13 -3 -1 0.451916 0.692 
0 20 2 21 11 36 -1 0.461351 0.192 
4 2 0 9 3 405 1 0.494048 0.818 
0 20 2 21 19 -202 1 0.447023 0.038 
1 18 10 19 13 -23 -1 0.453456 0.74 
0 8 14 15 23 1382 -1 0.469575 0.106 
4 8 0 13 9 -155 -1 0.484053 0.584 
1 6 6 17 7 -89 1 0.445274 0.132 
4 6 8 9 9 -13 1 0.433628 0.278 
1 2 8 5 11 -137 -1 0.453914 0.798 
0 12 8 13 17 59 -1 0.46089 0.132 
1 4 4 19 11 1511 1 0.474966 0.782 
0 16 16 19 17 60 -1 0.437109 0.116 
4 16 6 19 13 218 -1 0.487992 0.21 
4 6 12 11 15 -115 -1 0.463243 0.7 
1 6 0 19 5 581 -1 0.466714 0.26 
3 6 6 7 11 400 1 0.501004 0.302 
1 10 4 11 11 -150 -1 0.48238 0.794 
0 0 6 3 23 -1499 1 0.387362 0.042 
1 2 6 7 7 0 1 0.453304 0.464 
1 16 4 19 9 -54 1 0.494237 0.384 
1 16 20 23 21 -12 1 0.453205 0.324 
1 4 20 19 21 60 -1 0.49222 0.2 
0 4 0 5 3 -11 1 0.464174 0.27 
1 8 4 17 5 62 -1 0.484773 0.156 
1 10 4 19 11 -597 -1 0.473226 0.69 
0 0 8 1 11 21 -1 0.462142 0.128 
4 0 8 3 9 -1 -1 0.463087 0.55 
1 0 2 7 9 5 1 0.443184 0.544 
0 0 0 3 17 -739 1 0.44355 0.098 
3 4 14 11 17 2609 1 0.464867 0.54 
2 10 4 13 9 2209 -1 0.45459 0.338 
4 4 8 11 11 -171 -1 0.464429 0.71 
0 8 6 9 11 -25 1 0.45044 0.15 
4 6 0 7 1 -6 -1 0.466719 0.77 
0 14 18 17 19 69 -1 0.429474 0.114 
0 6 22 9 23 18 -1 0.457063 0.258 
4 6 18 11 19 -38 -1 0.464444 0.762 
0 0 10 1 11 6 -1 0.419609 0.146 
1 0 6 13 9 150 1 0.449296 0.686 
0 0 2 1 9 -6 1 0.450287 0.366 
0 20 6 21 21 -193 1 0.465781 0.042 
0 14 16 15 23 -75 -1 0.467043 0.884 
1 0 10 17 11 98 -1 0.464171 0.146 
1 8 0 23 5 484 -1 0.492703 0.292 
1 14 16 21 19 -87 -1 0.466515 0.654 
0 2 6 3 17 -67 1 0.463317 0.134 
1 18 18 23 19 17 1 0.430941 0.696 
1 6 14 9 15 15 -1 0.435962 0.198 
2 4 6 9 7 497 1 0.456116 0.456 
1 14 6 15 7 -19 1 0.436438 0.082 
4 2 0 7 7 376 1 0.496598 0.742 
0 16 12 19 21 407 -1 0.499647 0.106 
1 16 4 17 9 -48 1 0.501004 0.296 
0 10 8 13 23 277 -1 0.466908 0.184 
1 12 2 21 11 -981 -1 0.46437 0.704 
0 4 20 13 21 -126 1 0.504901 0.246 
4 8 12 13 17 -132 1 0.485035 0.322 
1 0 6 11 9 -163 1 0.482654 0.324 
0 2 0 3 23 -183 1 0.471413 0.064 
4 14 8 15 15 7 1 0.471482 0.58 
1 4 10 19 13 321 -1 0.445794 0.232 
3 18 2 23 7 2393 -1 0.50256 0.594 
1 4 8 5 11 10 -1 0.439254 0.328 
1 4 8 11 15 1567 1 0.468064 0.842 
0 2 10 5 19 508 -1 0.46316 0.078 
4 0 4 5 9 -235 -1 0.441465 0.722 
4 4 2 7 9 -198 1 0.483022 0.202 
0 16 16 17 19 7 -1 0.480198 0.302 
1 14 6 15 9 -28 1 0.501353 0.264 
1 6 12 13 13 65 -1 0.487839 0.086 
4 8 18 11 19 -16 -1 0.44983 0.714 
0 0 8 3 9 8 1 0.517181 0.63 
0 2 12 3 13 13 -1 0.491784 0.078 
0 12 0 15 3 -116 -1 0.459584 0.828 
0 16 16 19 19 124 -1 0.491022 0.156 
1 20 8 23 9 -17 -1 0.503235 0.756 
0 6 22 13 23 -78 1 0.489889 0.282 
0 4 16 11 17 -62 -1 0.501276 0.714 
0 8 10 9 13 -12 1 0.494568 0.188 
4 4 2 13 7 -164 -1 0.494275 0.592 
4 2 0 11 7 743 1 0.461081 0.728 
0 2 2 3 13 -94 1 0.434889 0.07 
1 8 8 23 9 -36 1 0.492658 0.304 
1 2 6 19 7 -181 1 0.474663 0.078 
1 10 6 11 11 -84 -1 0.470571 0.772 
4 14 20 17 21 20 -1 0.474068 0.198 
1 16 0 21 3 47 1 0.507111 0.63 
4 8 2 13 3 5 1 0.48075 0.548 
1 6 0 23 5 396 -1 0.475768 0.322 
1 8 6 9 7 -4 1 0.464404 0.26 
1 6 8 9 9 -36 1 0.462407 0.128 
1 0 4 13 11 -970 -1 0.493454 0.702 
1 14 2 21 3 5 1 0.503415 0.572 
0 2 10 3 19 84 -1 0.487268 0.1 
1 4 4 15 9 227 1 0.477355 0.636 
1 10 10 17 11 30 -1 0.490994 0.218 
1 12 16 19 19 -80 -1 0.513083 0.648 
0 20 0 21 23 -171 1 0.498528 0.066 
0 12 2 13 9 20 -1 0.474342 0.242 
3 0 8 1 13 515 1 0.49049 0.416 
4 2 12 3 13 -1 -1 0.519928 0.506 
0 2 2 5 3 -17 1 0.50838 0.28 
0 4 4 5 9 12 -1 0.458492 0.25 
1 12 6 13 13 80 1 0.447899 0.69 
1 14 10 17 13 65 -1 0.42127 0.264 
0 4 0 7 5 -117 1 0.463428 0.2 
0 4 18 13 19 154 -1 0.475024 0.192 
0 10 10 15 17 -68 1 0.456904 0.39 
1 22 0 23 7 -54 -1 0.485778 0.602 
1 10 20 21 21 76 -1 0.504562 0.134 
1 20 0 21 1 -4 -1 0.467692 0.692 
1 22 0 23 1 4 1 0.502449 0.694 
0 14 0 15 3 7 -1 0.475881 0.298 
1 4 6 23 7 -142 1 0.467881 0.128 
1 6 8 7 9 -5 1 0.455552 0.256 
4 0 20 9 21 -27 1 0.5088 0.314 
4 6 2 9 5 53 -1 0.488039 0.302 
4 2 4 7 5 -27 1 0.47269 0.226 
0 16 6 19 17 336 -1 0.489547 0.152 
1 0 4 17 9 37 1 0.43493 0.56 
0 12 4 17 23 -2027 1 0.466022 0.102 
1 10 4 21 11 -925 -1 0.410791 0.734 
0 18 10 19 15 12 -1 0.492502 0.238 
1 12 14 13 15 21 -1 0.496928 0.074 
1 4 0 5 3 73 1 0.447027 0.824 
1 14 2 17 5 90 -1 0.486703 0.246 
1 16 2 17 5 -23 1 0.481613 0.27 
0 2 0 7 3 -54 1 0.486489 0.356 
0 10 0 13 19 132 -1 0.526416 0.296 
0 2 8 3 15 -49 1 0.520232 0.11 
0 4 6 9 7 16 1 0.493529 0.648 
0 0 12 5 21 987 -1 0.455691 0.1 
0 0 16 5 21 -338 1 0.467826 0.154 
4 4 10 11 15 838 1 0.463384 0.844 
1 2 12 23 13 81 -1 0.476644 0.17 
1 12 8 15 9 -9 1 0.477081 0.3 
1 8 16 11 17 -11 1 0.497427 0.328 
1 4 10 7 11 -7 -1 0.489373 0.668 
0 16 20 17 23 -25 1 0.508582 0.13 
1 22 12 23 13 7 1 0.498712 0.79 
1 12 10 19 11 20 -1 0.521017 0.26 
4 12 2 15 7 -147 -1 0.497685 0.77 
0 14 4 17 7 -103 1 0.48527 0.164 
0 18 10 19 13 11 -1 0.497881 0.2 
0 14 14 15 21 1 -1 0.528219 0.448 
4 0 10 5 13 -18 1 0.509243 0.41 
1 16 6 23 13 156 -1 0.48988 0.374 
1 10 6 19 9 21 1 0.475378 0.54 
0 0 0 3 1 -61 1 0.451812 0.114 
1 0 6 11 7 -17 1 0.50891 0.326 
4 10 10 13 15 -53 1 0.485828 0.326 
1 12 0 15 5 -199 -1 0.482559 0.704 
4 2 12 7 17 345 -1 0.476916 0.168 
0 8 20 15 23 -539 1 0.486859 0.12 
1 12 4 15 13 429 1 0.404882 0.746 
1 6 8 17 15 105 -1 0.459107 0.452 
0 2 6 3 13 -81 1 0.457201 0.064 
1 4 12 13 17 814 1 0.497398 0.748 
1 2 4 17 7 -1154 1 0.476384 0.074 
0 10 2 13 13 158 -1 0.473587 0.236 
4 4 4 11 11 372 1 0.45939 0.704 
0 10 14 11 15 -7 1 0.462959 0.142 
0 16 0 17 5 -2 -1 0.515444 0.524 
0 16 14 17 19 3 -1 0.495643 0.432 
1 6 20 11 21 45 -1 0.510688 0.134 
0 12 22 13 23 8 1 0.448856 0.82 
3 12 4 17 9 1680 1 0.497349 0.206 
2 8 0 13 1 525 -1 0.495564 0.514 
0 0 8 5 11 -204 1 0.500386 0.202 
0 12 2 15 17 428 1 0.483286 0.84 
0 2 8 5 9 45 -1 0.471192 0.152 
0 4 18 7 19 -14 1 0.47618 0.266 
4 2 6 3 11 18 1 0.466291 0.698 
1 2 8 21 13 445 -1 0.473811 0.33 
0 14 22 17 23 -72 1 0.458446 0.108 
1 4 4 21 11 1490 1 0.437752 0.766 
0 4 2 13 23 4434 -1 0.453042 0.074 
0 4 2 9 9 -162 1 0.441461 0.298 
1 14 10 15 11 5 -1 0.505907 0.212 
1 8 10 9 13 -8 -1 0.501258 0.606 
4 2 14 5 17 119 -1 0.48441 0.14 
1 22 16 23 17 -4 -1 0.509637 0.642 
0 8 16 11 21 66 -1 0.515302 0.284 
1 6 0 7 3 14 -1 0.511571 0.326 
4 0 4 9 11 -634 -1 0.496952 0.716 
0 8 4 9 13 -39 1 0.49538 0.16 
0 4 0 5 13 -50 1 0.486831 0.202 
0 18 2 19 13 32 -1 0.467786 0.222 
0 8 2 11 3 60 1 0.460811 0.846 
0 2 14 5 21 513 -1 0.463479 0.07 
4 16 8 17 11 1 1 0.448643 0.51 
0 14 0 15 5 -21 -1 0.49505 0.784 
0 6 10 9 15 87 -1 0.489194 0.242 
1 10 6 21 7 -35 1 0.49954 0.236 
4 2 0 3 3 26 -1 0.467032 0.15 
1 8 0 9 1 7 1 0.473802 0.798 
1 12 20 17 21 28 -1 0.46876 0.196 
1 22 6 23 7 11 1 0.505174 0.826 
0 20 6 21 19 -205 1 0.429237 0.026 
1 0 14 1 17 73 1 0.467234 0.832 
0 10 8 11 11 -18 1 0.490315 0.162 
0 8 0 9 13 -4 1 0.504988 0.436 
4 2 12 9 13 9 -1 0.476683 0.398 
0 0 0 5 3 -540 1 0.526194 0.078 
1 6 8 11 13 -131 -1 0.482752 0.622 
0 0 20 7 21 -168 1 0.50876 0.132 
3 8 12 13 15 1690 1 0.485704 0.464 
1 2 2 7 9 117 1 0.46854 0.622 
1 8 2 19 5 479 -1 0.453714 0.146 
1 16 14 19 17 8 -1 0.507267 0.462 
3 20 4 23 7 1195 -1 0.486215 0.422 
1 4 14 13 17 148 1 0.492454 0.65 
0 0 6 5 13 -325 1 0.474895 0.214 
4 20 0 21 1 -3 -1 0.498707 0.642 
0 10 4 13 23 114 -1 0.50043 0.342 
1 16 4 17 7 -45 1 0.49425 0.192 
0 2 0 11 7 -575 1 0.477308 0.248 
1 14 8 17 9 -22 1 0.508141 0.19 
4 10 2 15 5 -168 -1 0.478554 0.77 
0 10 4 13 11 215 -1 0.470676 0.168 
0 10 10 13 13 -32 1 0.482654 0.26 
0 2 2 3 15 -117 1 0.499966 0.064 
1 16 6 19 11 -360 -1 0.450221 0.836 
0 4 22 9 23 203 -1 0.4772 0.076 
4 2 6 11 13 -439 -1 0.453288 0.646 
4 12 4 17 5 41 -1 0.503914 0.182 
1 0 4 15 11 840 1 0.492325 0.696 
2 0 6 3 13 1133 1 0.481622 0.13 
2 2 6 5 9 669 -1 0.425353 0.684 
3 20 14 21 15 71 1 0.498469 0.27 
1 10 4 19 13 -2019 -1 0.503145 0.83 
0 18 12 19 23 -173 1 0.452495 0.042 
1 16 6 23 11 719 1 0.501073 0.846 
4 10 14 13 15 -43 1 0.484178 0.134 
4 6 18 9 19 8 -1 0.490073 0.32 
0 18 8 19 23 60 -1 0.501011 0.168 
1 4 2 5 7 27 1 0.440116 0.644 
0 10 0 15 5 514 -1 0.501458 0.128 
0 14 6 17 9 -15 1 0.499421 0.366 
1 6 10 11 11 27 -1 0.503298 0.194 
4 4 4 5 9 -7 -1 0.492515 0.598 
4 8 16 13 17 -28 1 0.489461 0.268 
1 14 4 15 7 9 1 0.515188 0.622 
4 12 16 13 17 13 -1 0.50404 0.126 
4 6 0 13 7 -467 -1 0.477532 0.694 
0 2 0 5 13 -207 1 0.478987 0.254 
0 10 0 11 7 0 1 0.500715 0.48 
1 4 4 19 5 85 -1 0.52353 0.182 
1 0 6 1 11 -79 -1 0.509119 0.728 
4 0 14 5 15 -65 1 0.497798 0.124 
4 12 8 15 13 376 1 0.477335 0.894 
0 2 4 3 17 -109 1 0.43693 0.07 
2 6 6 9 7 294 1 0.465863 0.434 
1 2 20 17 21 44 -1 0.479023 0.25 
1 8 10 11 13 13 -1 0.495465 0.41 
4 6 2 7 9 -23 1 0.472306 0.262 
1 10 16 15 17 39 -1 0.532544 0.148 
1 2 4 11 9 101 1 0.440306 0.616 
2 0 12 5 23 3556 1 0.484523 0.18 
4 4 6 13 9 -648 -1 0.491863 0.884 
3 10 6 13 11 2383 -1 0.45011 0.292 
1 4 16 13 19 268 1 0.502551 0.71 
0 2 2 3 3 -3 1 0.493905 0.25 
0 8 4 9 15 -22 1 0.526257 0.256 
0 12 10 17 11 31 -1 0.49901 0.284 
0 14 6 17 7 -56 1 0.511567 0.15 
4 6 2 11 11 142 1 0.500498 0.608 
0 18 0 19 3 -4 -1 0.503532 0.638 
4 0 20 5 21 -56 1 0.482189 0.142 
1 6 6 7 13 -3 -1 0.501267 0.482 
4 8 12 15 13 -28 1 0.511737 0.29 
1 14 6 19 9 -129 1 0.528998 0.264 
1 6 14 13 15 -51 1 0.496003 0.144 
1 18 4 21 5 28 1 0.472784 0.842 
0 20 4 21 23 -248 1 0.505307 0.026 
1 0 2 15 11 -1882 -1 0.467628 0.766 
0 8 20 15 21 167 -1 0.462815 0.132 
1 2 2 5 7 48 1 0.490182 0.622 
0 20 10 21 23 70 -1 0.473761 0.128 
1 22 4 23 5 -6 -1 0.548724 0.732 
1 8 4 15 5 71 -1 0.49028 0.12 
1 2 4 11 7 -323 1 0.516812 0.19 
4 14 12 15 17 -6 1 0.490541 0.41 
1 22 16 23 19 90 1 0.520849 0.862 
0 2 16 5 17 116 -1 0.4628 0.05 
4 6 0 9 1 28 1 0.521938 0.83 
0 2 0 3 5 -31 1 0.463608 0.126 
1 4 6 21 9 -355 1 0.51318 0.278 
0 0 0 9 17 -4081 1 0.503311 0.07 
1 16 4 21 9 -637 -1 0.4788 0.828 
0 12 8 15 23 -99 1 0.509534 0.31 
3 14 6 21 11 3159 1 0.487042 0.34 
2 2 4 5 9 1047 -1 0.494693 0.706 
1 6 4 17 7 -703 1 0.454792 0.114 
0 4 18 7 23 -25 1 0.486505 0.334 
1 8 2 11 9 -3 -1 0.505649 0.462 
4 6 6 7 7 -2 1 0.469786 0.32 
1 2 6 13 9 -159 1 0.470455 0.348 
0 8 0 9 11 -35 1 0.506202 0.19 
3 2 2 3 5 260 1 0.493524 0.374 
0 0 22 11 23 101 -1 0.501032 0.258 
2 8 12 13 15 2619 1 0.519366 0.694 
4 6 10 7 13 -8 1 0.484404 0.264 
0 10 4 11 17 -54 1 0.519011 0.154 
0 8 4 13 13 -128 -1 0.522483 0.65 
1 6 6 11 7 -56 1 0.518541 0.108 
1 12 4 19 5 18 -1 0.485825 0.288 
1 14 10 17 15 -5 -1 0.525211 0.496 
0 20 8 21 19 -186 1 0.471608 0.032 
1 8 10 13 15 594 1 0.479058 0.82 
1 6 14 11 15 19 -1 0.490054 0.222 
2 0 16 1 23 670 1 0.507944 0.376 
1 8 14 13 15 -31 1 0.511125 0.19 
1 18 6 19 11 -156 -1 0.465565 0.852 
2 12 20 15 23 1191 -1 0.434028 0.432 
1 4 20 17 21 73 -1 0.500183 0.17 
1 16 8 23 11 290 1 0.470754 0.84 
1 4 10 23 11 67 -1 0.413621 0.2 
1 6 6 15 9 -207 1 0.521124 0.26 
0 2 4 3 11 -98 1 0.503451 0.044 
2 8 8 13 11 2553 1 0.447407 0.7 
0 16 20 19 21 -67 1 0.495679 0.126 
4 6 2 9 9 -143 1 0.463427 0.252 
4 4 10 7 13 25 1 0.496116 0.598 
1 4 8 7 13 -19 -1 0.498819 0.534 
4 14 14 17 15 33 -1 0.496101 0.166 
1 0 4 21 11 1663 1 0.481249 0.752 
0 16 6 19 23 455 -1 0.46758 0.168 
3 14 20 17 21 259 1 0.50366 0.35 
2 8 4 13 7 1247 -1 0.47823 0.616 
0 14 0 17 1 25 -1 0.456847 0.23 
1 4 12 11 13 16 -1 0.51704 0.286 
4 16 4 17 11 -39 1 0.491753 0.18 
4 10 4 15 9 -350 -1 0.475962 0.8 
3 12 4 15 9 1088 1 0.455929 0.258 
4 0 18 11 19 -25 -1 0.519201 0.628 
4 2 4 3 11 -80 1 0.489334 0.106 
1 0 6 3 9 -326 -1 0.494589 0.894 
0 16 4 19 13 326 -1 0.482271 0.132 
0 16 2 17 17 -21 1 0.496326 0.308 
1 0 2 9 7 -61 1 0.477305 0.454 
1 8 2 15 5 139 -1 0.488674 0.256 
0 4 14 13 23 2306 -1 0.488028 0.06 
4 2 6 9 11 710 1 0.457369 0.858 
0 0 10 1 15 29 -1 0.446306 0.112 
1 0 10 1 11 -4 -1 0.471115 0.678 
1 8 20 21 21 91 -1 0.467073 0.132 
1 10 6 23 11 -534 -1 0.496446 0.704 
0 2 12 5 15 93 -1 0.515011 0.154 
4 4 0 11 3 280 1 0.45854 0.752 
0 2 8 5 11 -95 1 0.508103 0.168 
1 16 16 19 17 -5 -1 0.482337 0.606 
0 2 6 5 11 170 -1 0.461722 0.154 
4 4 10 7 15 25 -1 0.505832 0.394 
1 6 8 9 13 36 -1 0.501203 0.412 
4 12 16 17 17 -45 1 0.462648 0.224 
1 2 4 23 11 1539 1 0.491021 0.726 
1 2 6 23 7 -181 1 0.487938 0.098 
0 12 10 17 13 95 -1 0.499623 0.264 
1 12 2 15 7 -206 -1 0.462585 0.728 
0 10 22 13 23 -15 1 0.51946 0.304 
4 6 0 9 3 13 -1 0.524807 0.438 
0 2 0 3 19 -278 1 0.485529 0.026 
4 4 0 13 5 -976 -1 0.447351 0.842 
1 2 4 15 7 -757 1 0.489139 0.112 
0 10 8 15 9 20 -1 0.49198 0.336 
0 6 0 7 9 3 1 0.498437 0.518 
1 14 8 19 9 -31 1 0.480786 0.188 
3 8 14 11 17 955 1 0.476439 0.434 
4 14 0 15 7 36 -1 0.51039 0.19 
1 8 4 17 13 1224 1 0.480507 0.756 
2 10 6 13 7 433 -1 0.492921 0.37 
0 0 10 3 11 -17 1 0.498436 0.268 
0 6 4 9 11 -24 1 0.478537 0.428 
0 0 0 11 19 5606 -1 0.470074 0.052 
1 8 6 13 9 90 1 0.448783 0.726 
0 16 6 19 13 302 -1 0.508541 0.12 
2 12 12 13 13 143 1 0.446595 0.582 
1 14 4 17 9 -93 1 0.519231 0.338 
3 22 2 23 3 160 -1 0.445012 0.302 
4 0 4 11 9 872 1 0.494782 0.804 
0 10 2 15 3 68 -1 0.480218 0.19 
1 8 6 19 7 -69 1 0.51873 0.156 
1 6 0 19 7 25 -1 0.518181 0.44 
0 2 16 7 21 -229 1 0.50798 0.198 
1 8 8 15 13 18 -1 0.46241 0.47 
0 20 22 21 23 -2 -1 0.480847 0.59 
0 2 2 3 11 -72 1 0.454948 0.08 
4 0 0 11 7 1246 1 0.497527 0.792 
0 2 4 3 19 45 -1 0.46906 0.21 
1 6 20 15 21 37 -1 0.499122 0.222 
1 0 10 21 11 34 -1 0.480752 0.32 
4 16 14 19 17 -4 -1 0.515084 0.512 
0 8 2 9 11 -31 1 0.51456 0.19 
1 18 10 21 11 5 1 0.489898 0.656 
2 0 2 3 13 1839 1 0.499766 0.12 
1 4 4 5 7 5 1 0.461877 0.582 
0 0 0 3 7 -384 1 0.515254 0.09 
1 6 4 17 11 1343 1 0.492312 0.8 
0 2 4 5 11 235 -1 0.502596 0.15 
0 2 8 5 13 -128 1 0.491469 0.198 
4 8 2 15 5 -49 -1 0.491408 0.596 
1 0 8 21 13 586 -1 0.489975 0.316 
1 8 14 11 17 -47 1 0.478158 0.32 
0 8 12 9 19 -8 1 0.502753 0.328 
4 10 8 15 15 -169 1 0.494901 0.354 
4 0 8 9 13 509 1 0.466216 0.77 
4 4 10 9 13 78 -1 0.501641 0.312 
0 12 8 13 15 32 -1 0.52255 0.188 
0 10 12 13 15 -7 1 0.502486 0.446 
1 6 4 7 9 -86 1 0.530224 0.24 
0 10 0 15 1 2 -1 0.523784 0.424 
3 8 12 9 15 211 1 0.518808 0.256 
4 8 0 13 3 -12 1 0.494256 0.484 
4 6 14 7 17 8 -1 0.526359 0.316 
1 12 10 21 11 13 -1 0.508834 0.334 
0 16 6 19 9 -58 1 0.544202 0.24 
0 16 0 19 17 163 -1 0.49569 0.282 
0 10 0 13 23 188 -1 0.497188 0.282 
1 6 14 15 15 72 -1 0.518295 0.144 
4 6 2 13 9 -660 -1 0.461736 0.764 
0 2 16 5 21 496 -1 0.475686 0.05 
1 0 2 9 9 175 1 0.450384 0.618 
4 8 8 9 11 7 -1 0.496134 0.324 
1 0 4 1 11 -106 -1 0.450389 0.728 
4 8 4 9 11 -52 1 0.486973 0.152 
0 10 2 11 7 -3 1 0.494474 0.418 
1 12 6 17 9 -60 1 0.466584 0.334 
0 16 12 17 13 6 -1 0.460096 0.154 
0 6 2 7 9 -31 1 0.481533 0.154 
1 18 12 23 13 -40 -1 0.476444 0.842 
0 2 12 5 19 283 -1 0.478252 0.122 
4 8 0 11 1 23 1 0.461284 0.794 
0 0 18 5 23 -801 1 0.492018 0.062 
3 8 6 9 7 151 1 0.501292 0.646 
4 0 0 5 11 -1799 1 0.49106 0.09 
4 2 4 9 13 -1021 -1 0.451986 0.81 
0 18 4 19 23 78 -1 0.53789 0.166 
1 8 8 19 13 307 -1 0.492658 0.344 
1 8 14 19 15 -134 1 0.512179 0.074 
1 4 4 23 11 1659 1 0.477536 0.766 
4 4 0 9 9 -489 1 0.513615 0.218 
0 12 8 13 11 29 -1 0.538343 0.134 
1 10 8 19 15 -334 -1 0.510114 0.606 
4 4 12 5 17 -118 1 0.489565 0.058 
1 4 2 15 5 147 -1 0.468386 0.302 
4 10 8 15 9 -12 -1 0.477776 0.624 
4 12 12 15 13 5 1 0.528796 0.622 
0 0 10 5 13 -135 1 0.511729 0.238 
0 16 14 19 21 -782 1 0.498764 0.042 
1 2 12 9 13 -31 -1 0.449692 0.782 
1 2 20 19 21 99 -1 0.459929 0.152 
1 16 20 21 21 -1 1 0.475103 0.468 
1 6 10 11 15 303 1 0.499813 0.696 
1 6 10 13 13 54 -1 0.540174 0.362 
4 2 8 3 11 -31 1 0.484599 0.11 
0 10 4 11 7 -4 1 0.533569 0.372 
1 4 6 11 9 -163 1 0.52045 0.29 
4 14 14 15 17 -13 1 0.505679 0.278 
4 6 2 13 11 69 -1 0.491241 0.446 
0 2 12 3 23 -145 1 0.521328 0.054 
0 14 8 15 23 -139 -1 0.477967 0.896 
0 20 10 21 21 -188 1 0.487258 0.026 
4 0 2 9 3 102 1 0.501064 0.816 
0 18 8 19 21 49 -1 0.515531 0.16 
0 6 18 7 21 -4 1 0.556062 0.314 
0 2 14 5 19 328 -1 0.515467 0.076 
1 6 4 15 11 1222 1 0.47429 0.812 
1 10 0 11 11 225 -1 0.520138 0.188 
1 22 8 23 9 -5 -1 0.494746 0.714 
1 12 4 19 7 -344 1 0.510379 0.15 
0 10 0 11 5 4 1 0.534699 0.572 
0 4 6 5 11 11 -1 0.543185 0.248 
1 22 10 23 13 9 1 0.479284 0.594 
1 16 12 23 13 -20 -1 0.521598 0.706 
1 12 12 13 13 -5 1 0.486597 0.238 
0 0 8 3 11 -35 1 0.516404 0.292 
1 12 12 17 13 24 -1 0.51886 0.2 
0 10 6 13 9 92 -1 0.519779 0.178 
1 6 2 17 5 217 -1 0.521163 0.258 
1 0 6 23 7 -180 1 0.505319 0.102 
1 18 16 23 19 178 1 0.48552 0.732 
1 4 14 9 15 14 -1 0.515236 0.274 
4 8 10 13 15 76 1 0.528202 0.606 
0 0 16 5 23 756 -1 0.469608 0.12 
1 10 4 15 11 433 1 0.460516 0.73 
0 0 10 1 23 -16 1 0.503191 0.302 
1 0 4 23 11 -2032 -1 0.490178 0.746 
0 2 0 3 7 -34 1 0.492925 0.146 
4 6 6 11 9 164 1 0.520335 0.786 
4 12 4 13 7 18 -1 0.498593 0.196 
0 12 18 15 23 50 -1 0.5214 0.296 
3 4 20 17 21 1347 1 0.463308 0.434 
2 2 22 7 23 641 -1 0.491307 0.452 
4 12 0 17 1 7 1 0.506768 0.596 
1 10 8 17 9 -26 1 0.506003 0.266 
0 0 6 3 21 -345 1 0.485216 0.19 
1 18 0 21 3 89 1 0.501075 0.732 
0 0 6 1 17 30 -1 0.478556 0.196 
4 0 16 7 17 31 -1 0.534679 0.282 
1 2 10 17 11 57 -1 0.501544 0.202 
0 6 0 9 3 30 1 0.50918 0.62 
1 16 18 17 19 1 -1 0.505662 0.416 
0 2 6 5 7 62 -1 0.48367 0.13 
1 18 16 23 17 -23 -1 0.496161 0.724 
3 10 6 13 9 1014 1 0.507312 0.47 
3 18 14 23 17 2157 -1 0.506804 0.356 
0 16 10 19 13 109 -1 0.484212 0.168 
2 0 2 7 3 776 1 0.512841 0.472 
3 0 2 11 5 3493 -1 0.502165 0.544 
2 12 12 13 21 673 1 0.517226 0.278 
1 2 4 15 11 1584 1 0.512205 0.82 
4 14 16 17 19 161 -1 0.480923 0.114 
1 4 18 17 19 94 1 0.532815 0.828 
1 4 6 11 7 -85 1 0.474082 0.088 
1 12 14 13 17 25 1 0.534118 0.698 
1 6 8 19 15 235 -1 0.491485 0.424 
0 20 6 21 11 -74 1 0.487703 0.06 
1 10 0 11 9 -28 -1 0.515259 0.526 
0 0 10 5 21 -630 1 0.478772 0.176 
0 6 4 9 13 81 1 0.508044 0.68 
4 4 8 9 9 -22 1 0.505898 0.298 
1 8 14 11 15 -27 1 0.530312 0.15 
1 0 6 23 9 -199 1 0.473278 0.364 
1 4 20 15 21 64 -1 0.535098 0.168 
2 8 10 9 15 729 1 0.508922 0.61 
0 16 16 19 23 -496 1 0.502022 0.088 
4 0 8 7 11 -370 -1 0.498418 0.83 
0 0 20 5 21 -114 1 0.511767 0.108 
1 8 4 13 11 -133 -1 0.502713 0.578 
1 12 14 17 15 21 -1 0.510933 0.24 
1 10 14 21 15 -30 1 0.499997 0.254 
1 2 4 17 11 1445 1 0.477667 0.77 
1 14 6 19 7 -46 1 0.503449 0.136 
1 20 4 21 7 -47 -1 0.527246 0.814 
0 0 8 3 23 -1415 1 0.519319 0.036 
4 8 0 15 3 -343 -1 0.449877 0.804 
1 16 10 21 13 17 -1 0.534894 0.442 
0 2 22 7 23 341 -1 0.503431 0.024 
4 4 6 11 13 -701 -1 0.429009 0.774 
4 2 14 9 15 -62 1 0.512409 0.176 
0 18 2 19 23 21 -1 0.509424 0.32 
0 10 0 13 21 143 -1 0.513094 0.296 
0 10 0 11 11 -42 1 0.531999 0.17 
2 2 6 9 7 327 -1 0.486921 0.84 
4 2 4 3 13 -48 1 0.491406 0.194 
0 10 6 11 13 47 -1 0.521253 0.11 
0 4 4 9 11 -160 1 0.453811 0.318 
1 2 4 23 7 -718 1 0.542626 0.18 
1 10 2 19 5 199 -1 0.464267 0.262 
0 12 18 13 23 11 -1 0.488928 0.26 
2 8 22 11 23 504 1 0.477303 0.702 
0 0 12 3 23 -968 1 0.508502 0.038 
4 20 14 21 15 -2 -1 0.488143 0.626 
0 2 2 3 19 74 -1 0.548094 0.182 
1 4 14 11 17 292 1 0.479262 0.772 
2 0 20 1 23 162 1 0.510977 0.176 
1 12 10 17 15 -106 -1 0.497676 0.598 
0 20 4 21 17 -45 1 0.524548 0.176 
1 18 8 19 11 -30 -1 0.523657 0.732 
4 16 16 17 17 -2 1 0.500892 0.304 
0 2 0 7 1 -53 1 0.506571 0.242 
0 16 8 19 11 91 -1 0.531725 0.196 
1 8 8 19 15 3019 1 0.505942 0.886 
1 4 6 17 7 -139 1 0.429719 0.088 
1 0 8 7 9 -28 1 0.514432 0.258 
0 8 4 9 11 -17 1 0.531502 0.242 
0 0 8 5 21 -842 1 0.480156 0.15 
4 16 0 17 5 21 -1 0.516182 0.238 
1 8 4 21 11 -2655 -1 0.508111 0.88 
1 2 20 5 21 -63 1 0.454401 0.06 
1 6 10 7 15 -51 -1 0.511544 0.71 
4 2 2 3 11 -78 1 0.524763 0.132 
0 2 4 5 9 74 -1 0.555777 0.254 
1 18 12 21 13 -24 -1 0.532588 0.82 
4 10 10 11 13 -31 1 0.515123 0.134 
1 4 12 9 13 11 -1 0.528135 0.318 
1 6 4 19 11 1391 1 0.534109 0.794 
2 0 12 3 21 2087 1 0.500935 0.298 
1 4 0 13 1 24 1 0.530363 0.704 
3 0 14 5 17 2353 -1 0.482472 0.314 
0 14 0 15 23 -99 -1 0.521434 0.822 
0 0 0 1 7 -25 1 0.521635 0.192 
4 10 4 13 5 -15 1 0.515712 0.284 
1 0 0 9 5 -1447 -1 0.520899 0.878 
0 0 0 3 15 -840 1 0.520168 0.072 
1 4 8 23 9 -45 1 0.477557 0.314 
4 2 0 3 5 75 -1 0.539955 0.082 
0 2 2 7 3 36 1 0.456335 0.68 
4 14 10 15 15 -6 1 0.529576 0.388 
1 2 10 19 11 57 -1 0.497065 0.228 
0 12 4 13 7 16 -1 0.524883 0.22 
1 6 6 13 9 -250 1 0.498467 0.222 
1 8 0 13 7 -175 -1 0.510471 0.572 
0 16 8 19 21 542 -1 0.507579 0.12 
3 4 2 9 7 2178 1 0.488776 0.336 
0 6 16 13 21 486 -1 0.504905 0.17 
4 8 6 13 11 -339 -1 0.460742 0.784 
0 4 18 5 23 107 -1 0.483492 0.042 
2 16 6 17 7 38 -1 0.497634 0.872 
4 0 12 1 15 -19 1 0.519258 0.202 
1 2 6 21 7 -122 1 0.50312 0.14 
4 10 20 15 21 29 -1 0.492243 0.228 
1 14 0 23 3 607 1 0.490938 0.858 
1 6 0 21 5 329 -1 0.487131 0.33 
0 12 12 13 21 17 -1 0.508486 0.29 
4 14 16 15 17 3 1 0.521853 0.696 
0 0 4 1 15 65 -1 0.51283 0.118 
4 6 4 13 9 -592 -1 0.517726 0.808 
0 18 14 19 23 -117 1 0.473736 0.064 
1 2 0 5 5 -1 1 0.494681 0.53 
0 18 10 19 17 23 -1 0.495435 0.19 
1 4 6 13 9 -185 1 0.497542 0.306 
1 2 0 3 7 -91 -1 0.536507 0.702 
4 8 14 11 15 -18 1 0.495841 0.22 
1 6 6 15 13 -117 -1 0.52718 0.548 
0 10 6 11 11 25 -1 0.522796 0.15 
1 4 18 5 19 -1 -1 0.495247 0.492 
4 4 0 11 5 -465 -1 0.534013 0.742 
0 2 2 9 3 -99 1 0.481431 0.194 
0 2 6 5 19 601 -1 0.519865 0.09 
4 0 10 1 11 -8 -1 0.484317 0.804 
0 0 10 3 17 -144 1 0.513923 0.226 
1 2 14 13 17 72 1 0.522382 0.576 
1 4 6 13 7 -70 1 0.504069 0.14 
4 10 8 13 9 7 -1 0.502055 0.304 
1 18 8 19 13 -21 -1 0.530287 0.598 
0 20 6 21 23 -288 1 0.490422 0.02 
1 8 4 19 11 800 1 0.458594 0.712 
1 0 0 17 11 -1946 -1 0.51165 0.706 
0 0 0 3 21 -1290 1 0.48552 0.052 
1 2 8 9 9 -18 1 0.496722 0.318 
0 2 10 3 17 50 -1 0.529103 0.136 
1 2 4 3 9 -63 -1 0.475386 0.71 
1 2 2 9 9 292 1 0.47839 0.688 
0 12 8 13 19 66 -1 0.47828 0.14 
0 10 12 15 13 81 1 0.514063 0.822 
0 0 20 7 23 604 -1 0.501556 0.116 
4 4 14 9 17 36 -1 0.501055 0.42 
0 16 12 17 19 7 -1 0.53276 0.342 
1 6 2 13 5 100 -1 0.527371 0.292 
0 2 8 5 15 -78 1 0.528532 0.3 
1 6 20 21 21 108 -1 0.523788 0.126 
1 6 10 21 11 50 -1 0.471974 0.218 
4 14 8 15 13 21 1 0.486568 0.74 
4 6 4 9 11 -211 1 0.513099 0.218 
4 14 16 17 17 -47 1 0.52488 0.128 
1 4 8 15 13 22 -1 0.439358 0.482 
0 18 0 19 13 23 -1 0.506855 0.276 
0 8 10 9 17 -8 1 0.510588 0.33 
0 6 6 11 23 298 -1 0.504508 0.3 
0 8 14 11 15 3 1 0.491452 0.556 
4 2 0 5 7 87 1 0.548564 0.64 
3 0 20 3 21 207 1 0.518745 0.272 
1 2 2 9 7 259 1 0.520743 0.708 
3 10 0 13 7 3466 -1 0.493867 0.262 
0 4 22 5 23 2 -1 0.519137 0.312 
0 10 2 13 7 29 -1 0.510099 0.364 
0 16 10 19 21 321 -1 0.509263 0.166 
1 20 2 21 5 40 1 0.477242 0.792 
0 12 14 17 19 -288 1 0.457825 0.186 
1 2 8 23 13 225 -1 0.5112 0.398 
1 10 6 15 13 378 1 0.506195 0.694 
1 6 6 15 7 -35 1 0.513599 0.212 
0 2 0 3 1 13 -1 0.509638 0.106 
1 12 2 13 11 -275 -1 0.468633 0.848 
0 2 2 3 21 -165 1 0.464994 0.06 
4 2 14 5 15 -5 1 0.497987 0.37 
0 6 2 9 13 -40 1 0.472785 0.37 
0 4 12 13 19 1397 -1 0.491115 0.126 
2 10 12 11 15 449 1 0.489205 0.612 
1 12 2 21 5 289 -1 0.492391 0.226 
1 16 0 21 7 78 1 0.495343 0.56 
0 20 4 21 15 -51 1 0.487176 0.142 
0 18 10 19 21 37 -1 0.53197 0.182 
0 4 0 7 7 14 1 0.511094 0.576 
4 4 0 9 5 -26 -1 0.518603 0.552 
1 2 6 15 7 -199 1 0.517362 0.042 
1 2 12 5 13 -2 -1 0.475827 0.548 
1 10 12 17 13 -21 1 0.532778 0.278 
4 10 14 11 17 36 1 0.476313 0.856 
0 12 18 17 23 -821 1 0.520109 0.076 
1 4 6 9 9 -15 1 0.538049 0.476 
0 8 2 15 3 331 -1 0.491746 0.05 
1 0 0 5 3 240 1 0.506356 0.8 
4 12 20 15 21 13 -1 0.490211 0.242 
0 16 0 19 1 -92 1 0.550033 0.082 
1 10 12 13 17 814 1 0.467929 0.902 
2 10 2 13 7 2312 -1 0.502276 0.312 
4 8 2 13 11 835 1 0.527009 0.858 
4 10 14 15 15 37 -1 0.503125 0.186 
4 4 12 5 13 3 1 0.522303 0.68 
3 22 10 23 13 254 1 0.537169 0.324 
1 4 0 9 3 72 -1 0.557344 0.33 
4 8 4 13 11 -189 -1 0.513075 0.66 
0 20 12 21 21 -96 1 0.444669 0.064 
4 10 0 13 1 32 1 0.505616 0.834 
1 6 20 23 21 111 -1 0.477905 0.14 
0 14 0 15 11 1 -1 0.548538 0.486 
1 16 8 17 11 -16 -1 0.554883 0.654 
4 12 10 15 15 -131 1 0.54106 0.218 
0 20 16 21 23 -14 -1 0.543275 0.69 
2 2 18 7 23 2939 -1 0.542099 0.49 
1 6 10 7 13 7 -1 0.555013 0.378 
4 8 16 15 17 -84 1 0.535005 0.16 
4 6 6 13 9 -291 -1 0.535629 0.802 
3 12 8 17 13 1817 1 0.498284 0.24 
4 0 0 11 3 339 1 0.55197 0.734 
0 0 0 3 19 -1209 1 0.504715 0.056 
1 2 2 9 5 -355 -1 0.503828 0.836 
0 4 4 13 7 1 1 0.495327 0.468 
0 12 18 13 19 3 -1 0.538276 0.248 
0 16 8 19 23 371 -1 0.524246 0.184 
0 4 2 7 5 -47 1 0.508842 0.27 
4 10 4 13 13 155 -1 0.528932 0.272 
3 12 2 17 7 2198 1 0.562515 0.334 
0 8 8 13 11 437 1 0.53804 0.892 
3 10 4 13 9 2463 -1 0.502463 0.282 
0 14 18 15 19 1 -1 0.56124 0.352 
4 16 10 19 11 -29 -1 0.524605 0.854 
4 2 6 3 13 -102 1 0.509662 0.09 
1 0 12 11 13 10 -1 0.518625 0.376 
1 4 14 17 15 53 -1 0.542175 0.214 
1 4 14 5 15 10 1 0.512373 0.852 
4 16 12 19 17 430 -1 0.469377 0.09 
1 6 10 15 15 769 1 0.501677 0.772 
1 0 16 13 17 -4 -1 0.506105 0.468 
1 2 4 19 5 123 -1 0.446958 0.146 
1 8 4 9 7 -27 1 0.539483 0.27 
0 6 0 9 13 35 1 0.53833 0.582 
0 0 12 3 15 -168 1 0.496501 0.11 
4 12 0 17 3 -77 -1 0.542883 0.652 
1 16 8 17 15 72 -1 0.539975 0.3 
0 0 16 5 17 128 -1 0.521681 0.112 
1 6 12 13 17 1053 1 0.455602 0.824 
1 2 12 23 15 584 -1 0.51727 0.208 
1 10 10 15 15 406 1 0.537168 0.754 
0 12 8 17 19 1148 -1 0.486098 0.098 
0 16 2 17 23 -19 1 0.541816 0.354 
1 12 2 23 9 551 1 0.534162 0.682 
0 12 8 13 23 73 -1 0.493241 0.142 
1 8 4 15 13 -532 -1 0.491886 0.63 
0 0 0 1 1 -7 1 0.509123 0.16 
0 4 18 7 21 -49 1 0.525417 0.204 
1 2 4 13 11 830 1 0.537997 0.74 
0 0 2 5 3 -120 1 0.510623 0.146 
3 6 14 11 17 2115 1 0.503373 0.606 
0 20 0 21 11 -174 1 0.495551 0.032 
0 10 0 13 11 196 -1 0.467143 0.212 
0 16 4 19 19 541 -1 0.529888 0.132 
1 14 10 21 11 -17 -1 0.496336 0.692 
1 2 10 11 13 275 -1 0.526275 0.176 
4 10 0 15 7 -66 -1 0.528726 0.554 
0 16 12 17 15 0 -1 0.511889 0.462 
0 4 16 13 23 -1278 1 0.503516 0.156 
1 2 2 15 7 626 1 0.514829 0.756 
1 6 0 17 5 915 -1 0.470459 0.154 
1 18 12 19 15 -3 -1 0.547048 0.532 
4 4 12 5 15 -10 1 0.507322 0.274 
1 10 12 15 17 527 1 0.553266 0.784 
0 2 8 3 13 -93 1 0.486209 0.048 
1 12 6 21 7 -52 1 0.545819 0.168 
1 18 4 23 7 -373 -1 0.505452 0.89 
4 10 8 13 11 118 -1 0.49647 0.16 
0 10 14 13 23 117 -1 0.542052 0.25 
0 8 0 11 3 12 1 0.49561 0.562 
1 0 10 19 11 22 -1 0.534277 0.382 
4 16 4 19 9 -68 1 0.516992 0.304 
4 16 2 19 11 -12 -1 0.487326 0.528 
1 20 20 23 21 7 1 0.550669 0.632 
1 10 4 19 5 56 -1 0.503309 0.172 
0 14 4 15 9 8 -1 0.529749 0.31 
4 12 6 17 13 -83 1 0.525783 0.402 
4 8 16 9 17 -2 1 0.549373 0.312 
0 0 4 1 9 -7 1 0.541127 0.322 
0 4 6 9 9 -69 1 0.489175 0.34 
0 10 0 15 7 532 -1 0.507963 0.16 
4 12 4 15 13 514 1 0.495467 0.868 
1 0 6 21 7 -139 1 0.507846 0.13 
1 8 14 9 15 5 -1 0.537895 0.232 
1 18 14 23 17 143 1 0.532133 0.714 
1 8 12 17 13 47 -1 0.52702 0.162 
0 0 2 3 3 -8 1 0.512455 0.35 
1 2 2 15 11 1725 1 0.522164 0.778 
0 8 2 9 13 -53 1 0.507188 0.136 
0 10 0 11 13 -21 1 0.519692 0.272 
1 14 16 17 19 26 -1 0.513721 0.374 
0 0 8 11 21 1210 -1 0.478568 0.23 
3 8 6 13 9 1717 1 0.503082 0.486 
0 16 4 19 11 166 -1 0.543358 0.192 
4 4 4 11 13 -334 -1 0.520967 0.628 
1 16 8 17 13 -63 -1 0.532116 0.714 
0 20 6 21 13 -117 1 0.447735 0.038 
0 12 0 15 15 -330 -1 0.519547 0.794 
1 14 0 15 5 56 -1 0.540688 0.254 
1 18 2 21 5 155 1 0.51666 0.806 
4 16 0 19 9 -835 1 0.441872 0.048 
0 6 0 7 5 -18 1 0.52608 0.174 
1 0 8 11 9 -19 1 0.484074 0.38 
1 10 4 11 9 11 -1 0.545533 0.408 
1 12 20 19 21 26 -1 0.521868 0.23 
1 8 6 17 13 -600 -1 0.506359 0.668 
1 2 8 3 15 -251 1 0.485434 0.098 
1 18 14 21 15 51 1 0.492887 0.872 
0 0 10 3 23 -1317 1 0.463626 0.03 
1 16 2 23 9 852 1 0.51555 0.808 
1 0 6 13 7 -139 1 0.491483 0.082 
4 6 20 13 21 10 -1 0.525075 0.384 
1 4 2 17 5 87 -1 0.568767 0.398 
0 0 10 7 15 -155 1 0.507113 0.322 
0 4 6 5 15 40 -1 0.513832 0.156 
2 4 4 9 7 1550 1 0.527727 0.458 
0 8 10 9 15 16 -1 0.547025 0.202 
4 0 16 1 17 10 1 0.535266 0.836 
2 20 4 21 7 462 -1 0.502415 0.31 
4 4 12 13 15 674 1 0.501808 0.872 
1 4 14 13 15 64 -1 0.472469 0.162 
4 14 4 17 5 27 -1 0.533154 0.172 
1 8 10 9 15 41 1 0.514058 0.634 
1 6 8 7 13 16 -1 0.472052 0.382 
0 0 14 5 19 -317 1 0.469706 0.172 
