24
1000
0 0 0 5 3 -436 1 0.207486 0.0916667 
1 4 6 19 9 -191 1 0.186983 0.328333 
0 16 8 19 15 201 -1 0.246171 0.186667 
0 8 2 9 7 -24 1 0.279205 0.186667 
1 6 8 19 13 232 -1 0.328639 0.375 
1 8 20 13 21 33 -1 0.299928 0.19 
4 2 2 5 5 -190 1 0.321378 0.113333 
4 8 2 15 9 20 -1 0.350143 0.458333 
1 10 6 17 7 -36 1 0.42023 0.213333 
4 4 6 5 9 13 -1 0.35667 0.258333 
0 2 8 3 13 -21 1 0.40234 0.213333 
1 0 6 9 9 -93 1 0.358677 0.373333 
0 20 8 21 21 -174 1 0.360078 0.0433333 
1 8 6 13 11 -119 -1 0.364872 0.62 
0 14 18 15 21 8 -1 0.374083 0.268333 
0 10 2 13 9 119 -1 0.406733 0.245 
1 10 2 17 5 164 -1 0.360022 0.241667 
0 16 14 19 19 212 -1 0.373926 0.153333 
1 2 4 17 9 188 1 0.36502 0.593333 
0 2 10 3 19 84 -1 0.376238 0.106667 
0 6 4 9 7 -38 1 0.399852 0.333333 
1 2 6 21 7 -142 1 0.40612 0.128333 
1 10 12 15 17 651 1 0.404077 0.805 
0 0 0 3 23 -987 1 0.350151 0.0883333 
2 6 16 7 21 484 1 0.373198 0.376667 
1 16 16 19 17 -6 -1 0.434223 0.615 
1 6 0 19 5 192 -1 0.45288 0.38 
0 0 18 5 21 -374 1 0.424887 0.0983333 
1 8 10 11 13 5 -1 0.41112 0.445 
1 10 20 13 21 20 -1 0.422394 0.2 
1 4 6 5 7 -4 1 0.381637 0.273333 
4 8 14 15 15 12 -1 0.449438 0.366667 
1 4 10 17 11 39 -1 0.440265 0.255 
4 8 0 11 1 27 1 0.414578 0.791667 
0 2 4 3 15 -71 1 0.391052 0.123333 
4 8 6 9 9 -18 1 0.410516 0.23 
0 14 0 17 3 66 -1 0.397952 0.226667 
4 14 12 15 17 30 1 0.427182 0.771667 
0 8 8 9 13 -16 1 0.43095 0.203333 
1 12 10 17 15 67 -1 0.447807 0.4 
0 0 8 1 21 65 -1 0.448947 0.16 
1 6 6 7 9 -5 1 0.454286 0.443333 
0 12 6 17 21 -1249 1 0.442818 0.133333 
0 8 18 15 19 46 -1 0.448168 0.295 
0 4 0 7 3 -42 1 0.414402 0.286667 
1 0 4 1 5 -9 -1 0.445906 0.778333 
0 2 6 5 7 26 -1 0.455397 0.245 
4 4 10 7 15 23 -1 0.455985 0.415 
1 14 6 17 7 -29 1 0.459424 0.15 
1 14 8 19 9 -20 1 0.450519 0.251667 
4 0 16 1 19 -6 -1 0.44106 0.57 
4 2 20 9 21 -46 1 0.456818 0.23 
1 6 12 11 13 16 -1 0.464088 0.266667 
4 10 10 13 15 -27 1 0.459828 0.401667 
1 6 14 9 15 12 -1 0.462194 0.255 
2 14 2 17 7 1546 1 0.451143 0.438333 
1 10 12 13 13 -9 1 0.456785 0.296667 
4 14 0 17 5 59 -1 0.449136 0.325 
1 2 6 5 7 -5 1 0.430966 0.335 
0 2 8 3 15 -49 1 0.47322 0.133333 
4 0 8 9 13 509 1 0.37898 0.76 
0 8 14 15 23 1358 -1 0.430776 0.106667 
4 6 4 13 11 -182 -1 0.416562 0.58 
1 4 6 7 7 -36 1 0.471669 0.131667 
1 20 4 21 5 2 1 0.449235 0.631667 
1 8 4 9 5 2 -1 0.491654 0.338333 
4 2 8 5 9 5 -1 0.472157 0.393333 
0 16 14 19 17 206 -1 0.454642 0.106667 
4 2 0 5 5 21 1 0.431922 0.556667 
4 8 20 15 21 39 -1 0.44682 0.248333 
0 14 20 15 23 13 -1 0.442488 0.205 
4 0 20 1 21 -5 -1 0.422427 0.713333 
1 14 10 17 11 14 -1 0.453163 0.215 
0 8 4 9 7 -19 1 0.427834 0.185 
4 12 0 15 7 7 -1 0.428404 0.466667 
0 0 6 5 13 -325 1 0.424322 0.22 
4 16 8 19 9 32 1 0.454984 0.795 
2 8 4 11 19 3009 1 0.385092 0.16 
1 2 4 7 7 162 1 0.436506 0.755 
4 12 0 13 3 -29 1 0.419466 0.17 
0 16 0 17 1 5 -1 0.473823 0.23 
0 6 6 9 9 -19 1 0.442847 0.373333 
0 2 6 3 11 -22 1 0.472193 0.19 
3 10 2 13 7 1376 1 0.468821 0.313333 
3 8 2 9 5 431 -1 0.454658 0.361667 
1 12 2 15 5 27 -1 0.474362 0.37 
0 8 18 9 21 -8 1 0.474857 0.261667 
1 10 4 11 11 -140 -1 0.439876 0.768333 
0 2 0 3 17 87 -1 0.355465 0.153333 
0 16 10 19 17 211 -1 0.466225 0.191667 
4 14 2 17 3 -29 -1 0.439588 0.783333 
0 8 20 15 23 -451 1 0.457184 0.153333 
1 2 6 23 9 -155 1 0.452796 0.383333 
0 6 18 13 19 136 -1 0.453506 0.156667 
1 4 16 13 19 359 1 0.430162 0.765 
1 4 10 11 11 41 -1 0.456721 0.176667 
1 14 20 15 21 -1 -1 0.457653 0.501667 
0 4 0 5 3 -6 1 0.452515 0.351667 
0 18 6 19 9 19 -1 0.462226 0.165 
1 10 20 11 21 3 -1 0.463122 0.316667 
4 16 4 17 9 -2 1 0.423802 0.448333 
0 0 8 1 17 65 -1 0.454446 0.101667 
4 0 0 7 7 382 1 0.428302 0.69 
4 2 6 5 9 8 -1 0.470304 0.473333 
4 16 12 19 17 533 -1 0.421258 0.075 
4 0 14 1 15 6 1 0.440199 0.778333 
0 2 0 3 13 -92 1 0.459827 0.0983333 
1 2 6 9 9 -83 1 0.424063 0.368333 
1 4 10 19 11 49 -1 0.406701 0.243333 
1 16 4 17 9 -48 1 0.459149 0.305 
0 8 16 15 23 1026 -1 0.471318 0.11 
3 8 14 11 17 931 1 0.416131 0.411667 
0 8 6 9 13 -29 1 0.460387 0.19 
1 4 10 9 13 -24 -1 0.434454 0.558333 
4 12 14 17 15 26 -1 0.45159 0.266667 
0 10 6 11 7 8 -1 0.480341 0.16 
1 10 8 13 9 -47 -1 0.445672 0.865 
0 8 18 15 21 635 -1 0.44365 0.09 
1 8 0 9 5 9 -1 0.44861 0.415 
1 4 6 9 7 -7 1 0.436934 0.361667 
0 2 2 3 23 -159 1 0.437129 0.0866667 
4 0 6 11 11 -974 -1 0.427156 0.826667 
0 18 14 19 23 -172 1 0.442985 0.0416667 
4 0 8 5 9 -15 -1 0.438058 0.663333 
0 18 0 19 5 1 -1 0.459784 0.463333 
0 20 4 21 19 -50 1 0.477566 0.186667 
1 14 4 17 9 -115 1 0.44633 0.323333 
0 0 14 5 19 -393 1 0.469875 0.156667 
1 10 6 11 11 -7 -1 0.451375 0.511667 
0 2 8 3 19 20 -1 0.47284 0.263333 
0 4 6 5 7 -3 -1 0.439388 0.645 
0 14 0 17 5 99 -1 0.461679 0.243333 
4 8 18 11 19 -23 -1 0.455048 0.74 
1 10 12 15 13 -19 1 0.44782 0.253333 
1 0 6 23 9 -206 1 0.463096 0.361667 
0 2 16 5 19 -121 1 0.456204 0.156667 
4 0 0 7 9 -632 1 0.454133 0.25 
2 6 16 7 23 681 1 0.448754 0.388333 
1 12 6 15 7 -19 1 0.474367 0.206667 
4 12 2 15 7 -147 -1 0.449267 0.755 
0 4 12 13 21 1657 -1 0.447888 0.123333 
1 12 6 15 13 453 1 0.45833 0.786667 
4 2 4 3 7 20 -1 0.453515 0.215 
0 4 0 5 1 -3 1 0.46997 0.298333 
0 10 4 13 9 73 -1 0.478524 0.276667 
0 16 10 19 11 38 -1 0.417538 0.188333 
1 8 2 23 5 369 -1 0.396196 0.25 
0 16 12 19 23 -916 1 0.444511 0.0466667 
1 0 4 17 9 37 1 0.40304 0.556667 
4 4 2 5 5 -35 1 0.454224 0.125 
0 10 2 11 5 6 1 0.417714 0.656667 
0 0 8 3 11 -35 1 0.48438 0.296667 
4 0 18 1 19 -2 -1 0.447067 0.588333 
4 0 20 7 21 -59 1 0.438906 0.183333 
0 14 12 15 13 -4 1 0.430766 0.25 
1 16 12 19 13 -15 -1 0.442337 0.715 
0 2 12 3 17 53 -1 0.410065 0.108333 
4 20 14 21 15 -2 -1 0.455393 0.603333 
0 6 18 7 21 -4 1 0.439729 0.336667 
0 0 18 5 23 -848 1 0.462387 0.0516667 
1 0 2 1 3 6 1 0.393451 0.72 
1 0 8 21 13 549 -1 0.478445 0.31 
1 12 10 15 15 333 1 0.455234 0.79 
0 8 20 15 21 -187 1 0.406328 0.148333 
4 4 16 7 17 39 -1 0.454464 0.163333 
4 4 12 13 15 518 1 0.425791 0.823333 
0 2 4 3 17 -101 1 0.446598 0.101667 
1 14 6 17 9 -97 1 0.446335 0.24 
1 10 4 21 11 -661 -1 0.452997 0.663333 
4 6 14 9 15 20 -1 0.453892 0.218333 
4 12 0 17 3 121 -1 0.44932 0.27 
2 8 20 11 21 343 1 0.478556 0.485 
4 4 2 13 3 -49 1 0.481705 0.26 
1 16 4 19 9 -52 1 0.455711 0.403333 
4 2 0 5 3 -40 1 0.480743 0.335 
1 6 10 9 13 66 -1 0.459105 0.258333 
0 8 10 9 13 -14 1 0.4494 0.188333 
4 10 0 13 1 23 1 0.464196 0.785 
0 16 10 19 19 494 -1 0.435602 0.116667 
0 16 2 19 17 -289 1 0.448551 0.196667 
4 8 6 13 13 590 1 0.42193 0.826667 
0 0 0 5 11 -1003 1 0.451572 0.136667 
1 8 20 15 21 14 -1 0.392626 0.326667 
1 12 14 15 15 21 -1 0.436625 0.206667 
0 6 6 9 7 -18 1 0.428025 0.296667 
0 12 10 13 17 22 -1 0.466453 0.248333 
1 12 2 13 5 -7 -1 0.417545 0.553333 
0 2 8 5 11 -113 1 0.46045 0.165 
1 2 6 7 7 -3 1 0.463141 0.411667 
1 16 0 17 1 0 1 0.494883 0.455 
1 4 8 23 9 -58 1 0.461691 0.293333 
0 14 20 15 21 0 -1 0.469021 0.441667 
3 2 2 17 7 6999 1 0.48431 0.316667 
0 8 2 9 9 -2 1 0.449449 0.435 
0 16 6 19 11 210 -1 0.410485 0.136667 
2 2 16 9 17 912 -1 0.43926 0.42 
1 8 0 9 1 10 1 0.439424 0.815 
0 16 6 17 7 -12 1 0.452786 0.118333 
0 0 10 3 19 -487 1 0.478134 0.115 
1 4 12 11 17 852 1 0.414287 0.8 
4 4 12 9 13 85 -1 0.480723 0.1 
1 2 6 19 9 -214 1 0.434197 0.343333 
1 6 0 13 5 251 -1 0.482937 0.316667 
2 0 12 3 21 2060 1 0.456568 0.256667 
3 10 8 11 11 297 -1 0.456833 0.583333 
3 8 14 15 17 2144 1 0.491832 0.403333 
1 0 2 7 7 -153 1 0.4818 0.378333 
1 8 14 9 15 2 -1 0.441969 0.341667 
0 0 2 3 5 -196 1 0.484778 0.105 
4 4 10 5 11 9 1 0.440398 0.805 
0 20 2 21 21 -187 1 0.46237 0.0583333 
0 6 2 7 7 -6 1 0.442665 0.37 
3 12 10 13 11 193 1 0.484631 0.798333 
0 16 12 19 19 263 -1 0.422153 0.173333 
0 8 20 11 23 35 -1 0.456039 0.326667 
1 8 6 17 7 -73 1 0.484254 0.148333 
0 8 4 9 5 5 1 0.456155 0.74 
0 6 18 9 21 -44 1 0.452625 0.273333 
0 16 12 19 21 -682 1 0.473178 0.0633333 
4 8 6 15 11 -365 -1 0.414199 0.75 
4 14 2 17 5 79 -1 0.441384 0.221667 
0 12 18 13 21 5 -1 0.486181 0.333333 
2 0 2 3 9 2403 1 0.478491 0.481667 
0 16 18 17 19 -1 -1 0.466673 0.535 
1 8 12 11 13 8 -1 0.502553 0.295 
4 12 6 15 9 25 -1 0.489456 0.371667 
1 12 14 13 15 16 -1 0.463674 0.108333 
0 10 22 13 23 -15 1 0.508679 0.31 
0 10 4 13 23 52 -1 0.465504 0.408333 
1 2 8 23 13 845 -1 0.518977 0.273333 
4 6 0 11 1 22 1 0.492431 0.706667 
0 16 6 19 19 491 -1 0.490655 0.148333 
1 10 2 15 5 20 -1 0.452767 0.421667 
4 2 4 3 11 -80 1 0.44179 0.126667 
0 4 6 9 7 -4 1 0.442795 0.461667 
0 16 0 17 3 6 -1 0.488719 0.321667 
4 16 2 19 7 -169 1 0.477178 0.211667 
0 14 6 17 7 -58 1 0.513062 0.151667 
1 8 10 13 15 604 1 0.452001 0.818333 
0 0 6 3 21 -1237 1 0.454322 0.0466667 
1 8 8 13 13 -44 -1 0.441321 0.536667 
0 20 6 21 21 -193 1 0.516189 0.0433333 
1 0 6 13 9 150 1 0.414391 0.671667 
0 6 22 13 23 -96 1 0.46619 0.256667 
1 10 20 15 21 27 -1 0.505901 0.195 
4 0 0 5 7 260 1 0.465535 0.656667 
0 2 8 3 11 -19 1 0.467615 0.16 
3 12 4 19 7 2150 1 0.480121 0.415 
1 0 8 1 11 -11 -1 0.455608 0.598333 
0 8 6 9 9 -30 1 0.512352 0.125 
1 4 6 21 9 -338 1 0.490634 0.29 
0 10 12 13 13 -44 1 0.483772 0.165 
1 12 8 13 9 -11 -1 0.507754 0.773333 
0 8 18 15 23 621 -1 0.469765 0.136667 
4 4 0 5 5 1 1 0.473882 0.535 
0 0 2 1 9 -6 1 0.468069 0.388333 
4 12 4 17 5 5 -1 0.466587 0.446667 
1 0 6 9 7 -9 1 0.502725 0.378333 
0 20 8 21 13 -26 1 0.47725 0.153333 
0 16 10 19 15 112 -1 0.47675 0.23 
0 8 4 9 9 -8 1 0.458261 0.33 
1 4 10 15 11 65 -1 0.504207 0.16 
1 6 8 9 9 -5 1 0.478874 0.375 
0 0 0 5 9 -819 1 0.484135 0.141667 
4 12 20 17 21 -7 -1 0.451583 0.57 
0 10 2 13 11 161 -1 0.457753 0.23 
0 14 16 15 21 11 -1 0.443802 0.27 
4 12 0 15 5 -191 -1 0.4213 0.798333 
0 2 2 3 19 95 -1 0.428629 0.16 
1 2 10 13 15 -142 -1 0.451608 0.583333 
0 10 4 11 9 -24 1 0.474779 0.223333 
1 8 8 9 15 122 1 0.457693 0.711667 
4 0 8 5 15 -828 1 0.450112 0.151667 
4 2 18 11 19 -24 -1 0.477979 0.625 
4 8 16 13 19 -361 1 0.482298 0.105 
4 16 0 17 3 -30 -1 0.43919 0.811667 
1 2 4 15 7 -757 1 0.430954 0.103333 
4 0 0 5 5 14 1 0.457838 0.506667 
0 2 10 5 11 -7 1 0.468803 0.375 
0 4 6 5 9 9 -1 0.396208 0.27 
1 12 0 13 5 0 -1 0.470325 0.458333 
0 0 18 5 19 -36 1 0.493992 0.263333 
0 0 16 5 23 595 -1 0.464755 0.158333 
4 10 4 13 9 138 -1 0.43708 0.245 
1 0 10 21 11 23 -1 0.474415 0.386667 
1 16 14 17 17 -2 -1 0.478292 0.523333 
1 6 20 11 21 20 -1 0.476082 0.25 
1 6 12 19 17 914 1 0.503662 0.726667 
0 2 0 5 13 -485 1 0.434685 0.145 
1 6 6 11 9 -21 1 0.503034 0.468333 
1 10 12 11 13 -6 1 0.462078 0.226667 
1 4 2 5 3 9 1 0.497486 0.761667 
0 2 4 5 11 235 -1 0.49109 0.16 
1 6 10 11 13 36 -1 0.481534 0.358333 
0 18 0 19 23 129 -1 0.47536 0.153333 
4 10 6 11 11 12 -1 0.503763 0.323333 
3 0 12 1 15 331 1 0.466277 0.421667 
1 0 4 11 11 680 1 0.49756 0.713333 
2 8 0 9 3 398 -1 0.498172 0.396667 
2 6 4 9 11 1412 1 0.488787 0.195 
1 4 8 21 13 128 -1 0.470055 0.435 
0 10 16 13 21 61 -1 0.491493 0.275 
0 6 4 9 5 2 1 0.472773 0.51 
0 0 0 3 17 -739 1 0.480557 0.105 
1 8 2 11 5 47 -1 0.445938 0.321667 
1 10 6 15 7 -27 1 0.467014 0.21 
4 8 8 15 11 -167 -1 0.456088 0.731667 
4 12 12 15 13 -6 1 0.466253 0.365 
0 2 10 5 15 -129 1 0.457299 0.223333 
1 10 8 19 9 -27 1 0.496735 0.295 
4 8 8 15 9 15 -1 0.488726 0.338333 
1 4 6 21 7 -161 1 0.487712 0.105 
4 2 0 7 7 365 1 0.449151 0.721667 
0 20 6 21 13 -54 1 0.479004 0.118333 
1 16 2 17 9 19 1 0.484431 0.566667 
2 0 16 1 23 670 1 0.465585 0.345 
3 0 14 3 17 1681 -1 0.45584 0.201667 
1 14 10 17 13 41 -1 0.478588 0.341667 
4 6 8 9 9 -7 1 0.469858 0.363333 
0 10 2 13 13 158 -1 0.488289 0.253333 
0 16 8 19 17 207 -1 0.500229 0.208333 
0 4 0 7 1 -20 1 0.494032 0.265 
0 12 0 13 3 25 1 0.466675 0.835 
0 16 14 19 23 -848 1 0.438498 0.0433333 
4 2 20 7 21 -2 1 0.427576 0.47 
0 10 18 15 19 9 -1 0.47175 0.388333 
4 2 8 3 11 7 1 0.510933 0.635 
1 2 4 19 5 113 -1 0.452932 0.185 
4 2 0 7 1 2 -1 0.456747 0.45 
1 6 6 7 7 -24 1 0.486691 0.065 
1 6 18 7 19 -3 -1 0.427211 0.663333 
1 18 0 21 3 89 1 0.510127 0.713333 
1 12 20 15 21 58 -1 0.490764 0.0766667 
1 0 12 9 13 -6 -1 0.455984 0.586667 
4 6 6 13 11 -69 -1 0.515045 0.531667 
0 2 10 3 15 48 -1 0.444953 0.11 
1 18 4 19 7 8 1 0.491584 0.591667 
0 0 10 3 23 -994 1 0.472793 0.0516667 
1 2 10 11 15 1121 1 0.465689 0.831667 
4 2 8 3 15 -80 1 0.484076 0.13 
1 12 2 17 5 114 -1 0.483508 0.27 
1 0 6 5 7 -3 1 0.471025 0.395 
0 12 10 17 11 31 -1 0.457143 0.298333 
4 6 0 9 5 35 -1 0.46383 0.396667 
3 20 4 23 7 1173 -1 0.469289 0.395 
1 0 2 9 9 478 1 0.470938 0.703333 
2 0 18 7 23 1866 1 0.438548 0.12 
1 8 0 13 7 -174 -1 0.45591 0.585 
0 0 8 3 9 -25 1 0.483473 0.225 
0 6 0 9 11 -120 1 0.49391 0.296667 
1 6 4 17 7 -706 1 0.477216 0.108333 
4 12 2 15 5 -173 -1 0.466389 0.865 
0 18 12 19 13 9 -1 0.475208 0.16 
1 10 6 17 13 -554 -1 0.510658 0.693333 
0 2 6 5 13 171 -1 0.471061 0.186667 
0 0 10 5 11 -32 1 0.465116 0.308333 
1 12 6 17 13 391 1 0.519918 0.695 
3 12 6 21 9 1882 1 0.468531 0.191667 
1 20 8 21 11 -6 -1 0.513514 0.541667 
4 8 2 13 9 313 -1 0.526404 0.246667 
0 0 8 1 15 67 -1 0.508075 0.0866667 
1 0 6 11 9 32 1 0.445985 0.596667 
4 10 4 13 5 -37 1 0.42463 0.146667 
4 0 6 11 13 -333 -1 0.471516 0.58 
0 16 0 19 21 643 -1 0.463645 0.166667 
1 14 10 19 13 54 -1 0.491334 0.356667 
0 6 2 7 5 -8 1 0.522737 0.278333 
4 6 4 9 13 172 1 0.509436 0.685 
0 2 16 5 21 518 -1 0.429851 0.05 
1 10 4 17 11 662 1 0.469583 0.731667 
0 16 12 17 13 5 -1 0.517592 0.191667 
1 12 14 15 17 59 1 0.505253 0.651667 
1 8 4 23 7 -823 1 0.475731 0.108333 
4 6 0 9 9 -181 1 0.493667 0.283333 
4 4 20 9 21 -8 1 0.480227 0.395 
0 0 2 1 7 -12 1 0.503968 0.28 
1 12 14 17 15 17 -1 0.504718 0.281667 
1 4 0 7 1 22 1 0.491144 0.8 
1 10 14 21 15 -40 1 0.467998 0.241667 
0 14 18 15 23 -3 -1 0.526507 0.553333 
1 10 10 17 15 8 -1 0.496309 0.47 
4 10 16 13 17 42 -1 0.497523 0.151667 
1 6 14 15 17 70 1 0.466396 0.591667 
0 2 2 3 3 -3 1 0.512713 0.266667 
4 4 0 7 1 -23 -1 0.485533 0.73 
1 10 16 15 17 38 -1 0.45343 0.17 
0 2 10 5 19 -87 1 0.484665 0.32 
1 0 16 1 19 -42 -1 0.467235 0.743333 
1 14 2 15 5 60 -1 0.475455 0.17 
0 2 0 5 3 -22 1 0.502377 0.366667 
1 12 12 15 13 -8 1 0.516487 0.3 
1 18 0 21 1 -9 -1 0.489805 0.685 
1 4 10 13 11 32 -1 0.500395 0.253333 
1 6 6 9 9 -56 1 0.48353 0.313333 
0 0 0 3 21 -1308 1 0.456433 0.0533333 
4 18 4 19 7 15 1 0.445139 0.721667 
1 4 0 19 7 -136 -1 0.488612 0.485 
1 10 4 17 9 227 1 0.472573 0.661667 
0 0 22 7 23 255 -1 0.434145 0.09 
0 10 20 15 21 83 -1 0.491092 0.161667 
1 20 16 21 17 11 1 0.453583 0.805 
1 6 8 21 13 132 -1 0.489293 0.42 
0 12 10 13 15 16 -1 0.48184 0.243333 
0 8 2 9 5 -5 1 0.472209 0.306667 
4 6 2 13 5 296 -1 0.493175 0.185 
1 4 4 21 11 1470 1 0.481954 0.765 
3 20 14 21 15 71 1 0.44009 0.241667 
0 2 8 3 9 -4 1 0.511883 0.265 
0 6 2 9 9 -73 1 0.473693 0.3 
4 4 8 13 11 37 -1 0.478467 0.416667 
1 4 6 17 7 -139 1 0.462348 0.0983333 
1 4 14 9 15 8 -1 0.481486 0.363333 
1 8 10 9 15 40 1 0.483722 0.626667 
2 2 10 9 21 9065 -1 0.49278 0.488333 
4 14 4 17 9 20 1 0.453436 0.54 
0 16 8 19 19 551 -1 0.459585 0.125 
1 0 12 1 15 32 1 0.446537 0.726667 
1 8 8 9 9 -5 1 0.522832 0.275 
0 2 6 3 17 -67 1 0.540218 0.156667 
1 12 12 13 17 169 1 0.475686 0.835 
0 16 4 19 15 -470 1 0.443568 0.116667 
4 8 2 15 5 -67 -1 0.490177 0.615 
1 0 8 5 15 533 -1 0.504457 0.235 
2 14 6 17 11 1678 1 0.523031 0.475 
2 2 14 9 19 4744 -1 0.509153 0.385 
1 6 6 13 13 -193 -1 0.468438 0.563333 
0 0 12 11 23 -1720 1 0.507948 0.151667 
0 10 2 13 23 89 -1 0.490213 0.375 
4 0 10 11 15 807 1 0.49659 0.781667 
0 10 12 11 13 10 -1 0.439461 0.123333 
4 4 4 5 9 7 -1 0.499864 0.396667 
1 14 2 17 5 120 -1 0.505038 0.205 
1 0 6 7 9 -35 1 0.502904 0.44 
0 0 10 11 23 -2607 1 0.458137 0.12 
0 14 6 17 21 56 -1 0.482192 0.398333 
1 2 8 3 11 44 1 0.51835 0.793333 
0 8 14 15 21 1037 -1 0.491937 0.115 
1 8 6 19 13 -791 -1 0.442173 0.678333 
2 6 12 7 21 774 1 0.470569 0.316667 
4 2 4 3 13 -48 1 0.492975 0.228333 
4 0 2 5 5 -214 1 0.487357 0.195 
1 16 6 17 7 -4 1 0.50553 0.291667 
1 8 4 19 11 1182 1 0.492414 0.78 
0 20 4 21 21 -182 1 0.423238 0.0583333 
4 10 6 13 9 33 -1 0.474584 0.313333 
0 0 2 3 23 -839 1 0.477688 0.108333 
1 18 6 19 11 -161 -1 0.443054 0.856667 
0 12 6 13 9 -11 1 0.504983 0.2 
1 8 2 17 5 183 -1 0.504567 0.266667 
4 0 0 7 1 -1 -1 0.499328 0.491667 
1 8 20 11 21 12 -1 0.487751 0.276667 
1 0 12 7 13 -3 -1 0.498629 0.556667 
4 20 6 21 13 155 -1 0.457567 0.065 
1 4 0 5 1 11 1 0.456566 0.823333 
4 10 2 13 5 -95 1 0.481318 0.201667 
0 10 10 11 15 -15 1 0.482486 0.246667 
0 16 12 19 17 138 -1 0.45077 0.206667 
1 6 4 9 9 -74 1 0.486915 0.388333 
3 14 14 15 17 284 1 0.481559 0.37 
2 12 20 15 21 298 -1 0.482717 0.56 
1 16 0 21 3 134 1 0.484575 0.72 
3 0 8 1 13 328 1 0.533694 0.196667 
4 0 0 11 3 341 1 0.491047 0.728333 
0 2 2 5 3 -58 1 0.499381 0.131667 
4 8 12 11 13 -4 -1 0.510472 0.563333 
0 2 6 5 9 143 -1 0.46794 0.141667 
1 16 12 21 13 -46 -1 0.461062 0.85 
4 2 6 3 11 -47 1 0.470506 0.15 
4 10 2 13 9 169 -1 0.498715 0.233333 
1 10 6 13 7 -9 1 0.445432 0.305 
1 16 20 23 21 -8 1 0.475531 0.38 
1 0 20 1 21 -2 -1 0.447718 0.563333 
0 0 10 5 13 -117 1 0.495013 0.27 
1 18 8 19 9 -4 1 0.491011 0.276667 
4 14 2 15 7 -82 -1 0.500485 0.893333 
4 0 14 7 15 -117 1 0.430274 0.0816667 
0 16 2 17 3 3 -1 0.516882 0.27 
1 0 4 11 9 64 1 0.503945 0.583333 
3 2 4 11 7 2068 1 0.469866 0.223333 
3 10 6 11 7 113 -1 0.511953 0.496667 
2 12 12 13 13 143 1 0.51286 0.611667 
4 4 14 7 17 44 -1 0.488288 0.305 
1 10 14 11 15 -5 1 0.517813 0.276667 
1 12 12 19 15 41 -1 0.509326 0.411667 
4 14 0 17 3 105 -1 0.529277 0.176667 
4 12 6 13 9 31 1 0.477512 0.825 
0 14 10 17 11 40 -1 0.513921 0.171667 
4 2 4 11 13 -678 -1 0.501959 0.671667 
0 8 0 9 7 -23 1 0.49165 0.248333 
0 10 18 15 21 316 -1 0.513891 0.106667 
4 12 8 15 9 -5 -1 0.497154 0.57 
1 8 4 19 5 75 -1 0.513638 0.186667 
1 18 6 23 7 6 1 0.449358 0.603333 
0 8 22 15 23 -208 1 0.502274 0.118333 
1 18 8 23 11 146 1 0.498758 0.78 
1 12 10 17 11 22 -1 0.500924 0.236667 
1 0 14 15 15 41 -1 0.509726 0.301667 
0 2 0 5 5 -59 1 0.487856 0.296667 
1 4 8 11 9 5 1 0.539768 0.615 
0 20 6 21 23 -161 1 0.490389 0.0633333 
4 0 10 1 11 -7 -1 0.482051 0.776667 
1 2 4 17 7 -1154 1 0.489124 0.07 
1 0 4 5 7 -454 -1 0.488546 0.891667 
0 4 14 13 21 1595 -1 0.471234 0.0866667 
4 8 4 13 9 363 -1 0.499408 0.183333 
1 4 10 11 13 32 -1 0.504439 0.406667 
0 18 2 19 13 32 -1 0.487143 0.248333 
2 8 12 9 23 1031 1 0.493026 0.343333 
1 4 6 7 9 -49 1 0.486877 0.351667 
0 0 10 1 15 29 -1 0.471154 0.135 
4 6 18 9 19 -6 -1 0.527845 0.575 
4 6 4 7 9 11 -1 0.512578 0.301667 
1 12 2 15 7 -268 -1 0.512362 0.775 
1 4 20 19 21 60 -1 0.478801 0.206667 
0 4 2 7 3 -6 1 0.463484 0.388333 
1 0 6 17 7 -215 1 0.439859 0.06 
1 8 12 15 17 772 1 0.436173 0.785 
0 16 10 19 13 128 -1 0.4817 0.166667 
3 10 2 11 7 416 1 0.483087 0.276667 
2 2 6 5 7 207 -1 0.441322 0.736667 
1 6 8 23 9 -61 1 0.483929 0.271667 
2 20 4 21 7 447 -1 0.496178 0.293333 
1 22 8 23 9 -7 -1 0.482441 0.761667 
3 14 20 17 21 259 1 0.505028 0.316667 
1 0 6 15 9 -59 1 0.500813 0.45 
0 2 4 3 11 -98 1 0.463769 0.0666667 
0 8 6 9 7 0 1 0.466115 0.456667 
1 0 4 23 7 -613 1 0.515987 0.208333 
1 6 2 13 7 -172 -1 0.469823 0.611667 
0 2 0 3 15 57 -1 0.511772 0.195 
0 0 8 3 13 -11 1 0.440042 0.431667 
4 6 20 9 21 -12 1 0.522086 0.313333 
0 16 4 17 9 -11 1 0.500072 0.275 
0 4 18 7 23 -25 1 0.478768 0.35 
0 2 22 7 23 157 -1 0.508806 0.103333 
4 2 10 11 15 983 1 0.477104 0.831667 
0 0 12 3 15 -161 1 0.49315 0.135 
0 14 2 17 3 28 -1 0.473596 0.226667 
0 0 16 1 19 -17 -1 0.4937 0.793333 
0 2 10 5 17 247 -1 0.512081 0.143333 
1 4 0 9 1 19 1 0.495875 0.743333 
1 6 14 15 15 46 -1 0.490531 0.208333 
1 10 14 13 15 -28 1 0.505813 0.156667 
4 8 4 13 11 -340 -1 0.440433 0.716667 
3 8 6 19 9 2496 1 0.503712 0.245 
2 12 2 15 7 993 -1 0.491906 0.776667 
0 0 0 11 23 -6061 1 0.499841 0.0716667 
4 4 4 11 11 638 1 0.485361 0.758333 
0 0 12 5 19 -521 1 0.495984 0.16 
1 2 6 11 7 -3 1 0.508879 0.443333 
1 14 8 21 9 -36 1 0.51856 0.223333 
1 10 2 11 9 -4 -1 0.530718 0.486667 
0 12 8 13 17 49 -1 0.47839 0.171667 
2 2 6 9 9 1073 -1 0.479926 0.826667 
4 8 16 13 17 -31 1 0.459862 0.265 
1 4 8 5 11 10 -1 0.560736 0.333333 
1 14 14 15 17 19 1 0.538588 0.64 
0 16 14 17 21 8 -1 0.5016 0.36 
0 2 0 7 3 -224 1 0.538306 0.17 
1 4 6 15 9 -233 1 0.497951 0.288333 
2 6 12 7 23 918 1 0.507378 0.3 
0 10 4 13 7 66 -1 0.480644 0.265 
0 16 14 19 15 49 -1 0.505291 0.17 
4 4 10 13 15 1451 1 0.495042 0.878333 
0 0 10 1 11 10 -1 0.4313 0.126667 
4 12 2 17 5 -27 -1 0.506609 0.563333 
4 8 20 13 21 23 -1 0.515132 0.276667 
4 0 12 11 13 -2 -1 0.520302 0.51 
0 2 2 3 17 -121 1 0.520593 0.0883333 
4 6 0 9 1 -10 -1 0.468126 0.623333 
1 14 4 17 5 51 -1 0.510662 0.1 
1 0 2 7 9 10 1 0.491633 0.543333 
1 16 12 17 13 1 -1 0.52565 0.381667 
1 8 20 23 21 71 -1 0.51724 0.208333 
4 4 0 9 5 -24 -1 0.490551 0.54 
0 0 8 5 13 -288 1 0.487312 0.216667 
0 2 8 5 9 31 -1 0.473766 0.201667 
4 4 8 11 11 -159 -1 0.473515 0.691667 
0 14 0 17 1 25 -1 0.479625 0.235 
4 12 10 17 11 -6 -1 0.484506 0.573333 
4 2 14 7 17 122 -1 0.504726 0.25 
3 8 6 9 11 456 1 0.48683 0.345 
1 16 4 17 7 -45 1 0.524478 0.211667 
1 6 8 9 15 449 1 0.499756 0.751667 
2 6 0 9 15 5309 -1 0.500975 0.46 
2 4 14 9 17 1657 1 0.539674 0.451667 
4 12 16 15 17 -16 1 0.547056 0.295 
4 10 8 15 9 3 -1 0.490663 0.428333 
1 4 6 23 9 -376 1 0.522707 0.28 
0 10 10 11 13 31 -1 0.50712 0.105 
2 8 12 9 13 162 1 0.497577 0.698333 
0 2 0 7 5 -516 1 0.512665 0.138333 
0 10 0 13 21 106 -1 0.544261 0.343333 
1 2 6 13 7 -112 1 0.470413 0.103333 
1 12 8 17 9 -10 1 0.509339 0.328333 
1 18 4 21 11 -168 -1 0.517893 0.63 
4 4 18 5 19 -1 -1 0.521663 0.533333 
3 22 4 23 9 761 -1 0.46787 0.295 
4 12 8 17 9 -88 -1 0.463369 0.87 
0 16 8 19 21 542 -1 0.474023 0.136667 
4 16 12 19 13 -7 -1 0.513614 0.618333 
0 14 20 17 21 -56 1 0.530907 0.16 
1 12 4 17 9 118 1 0.505016 0.643333 
0 8 16 15 21 567 -1 0.462946 0.158333 
0 6 0 9 9 10 1 0.530721 0.518333 
0 2 2 3 15 -120 1 0.461172 0.0866667 
1 6 6 19 13 -723 -1 0.520143 0.641667 
0 20 2 21 23 -279 1 0.457099 0.0266667 
1 12 8 13 15 236 1 0.467731 0.833333 
3 12 4 15 9 1060 1 0.492208 0.216667 
0 6 2 7 3 -6 1 0.533747 0.198333 
4 4 2 9 3 48 1 0.50451 0.793333 
4 8 0 9 3 5 -1 0.531524 0.38 
0 18 8 19 9 3 -1 0.506629 0.275 
1 6 10 13 13 64 -1 0.499539 0.358333 
1 14 4 19 5 50 -1 0.491524 0.148333 
4 6 0 13 9 156 -1 0.479734 0.386667 
0 0 16 5 21 -338 1 0.492765 0.16 
1 0 2 13 11 1549 1 0.524711 0.775 
0 4 20 7 21 55 -1 0.450095 0.145 
1 16 10 19 13 -128 -1 0.476356 0.795 
0 0 2 3 21 -1262 1 0.473123 0.0566667 
4 6 12 13 15 415 1 0.521594 0.836667 
1 6 20 19 21 61 -1 0.488151 0.186667 
0 2 6 3 15 35 -1 0.50723 0.196667 
1 10 4 13 11 -104 -1 0.499531 0.593333 
4 2 6 3 13 -141 1 0.531676 0.085 
1 10 4 19 11 849 1 0.461948 0.75 
2 14 14 17 23 2179 1 0.491189 0.29 
1 14 6 21 7 -36 1 0.516313 0.223333 
1 8 2 15 5 139 -1 0.514738 0.276667 
4 2 4 5 9 44 -1 0.502147 0.41 
0 4 2 5 3 -5 1 0.525045 0.236667 
4 2 2 3 5 7 1 0.516037 0.585 
0 2 6 3 9 -13 1 0.537061 0.225 
1 6 8 11 9 6 1 0.489469 0.616667 
4 16 12 17 17 29 -1 0.52692 0.188333 
4 16 4 19 9 -68 1 0.51021 0.33 
1 0 6 21 11 -273 -1 0.52243 0.545 
0 12 12 15 17 -124 1 0.519115 0.203333 
3 10 8 11 9 97 -1 0.531905 0.576667 
3 12 4 13 5 110 1 0.51243 0.445 
3 12 2 13 7 718 -1 0.493272 0.35 
1 2 6 3 7 5 1 0.493244 0.681667 
0 20 8 21 11 -43 1 0.51936 0.0683333 
0 12 0 13 1 18 1 0.493132 0.895 
1 4 6 13 7 -117 1 0.51042 0.0716667 
4 4 0 7 7 182 1 0.529597 0.725 
1 10 20 19 21 52 -1 0.484363 0.173333 
1 16 20 21 21 -1 1 0.516257 0.471667 
0 10 0 13 11 205 -1 0.521905 0.228333 
4 2 12 3 13 -5 -1 0.536962 0.701667 
1 14 6 15 7 -16 1 0.523965 0.123333 
0 4 18 7 19 -5 1 0.50291 0.385 
1 8 0 15 7 18 -1 0.506143 0.443333 
0 10 14 13 21 101 -1 0.478933 0.263333 
1 6 8 13 13 67 -1 0.45985 0.421667 
1 16 6 17 9 -40 1 0.503115 0.223333 
1 18 16 19 17 2 -1 0.494173 0.346667 
0 10 22 15 23 -66 1 0.493787 0.236667 
3 0 20 1 21 118 1 0.491966 0.461667 
4 6 0 13 5 -456 -1 0.510189 0.746667 
4 6 12 9 13 -26 1 0.439694 0.176667 
1 8 12 15 13 -37 1 0.513855 0.21 
4 14 0 17 1 -37 -1 0.484706 0.808333 
0 10 8 11 13 -28 1 0.49037 0.193333 
4 14 10 17 11 -9 -1 0.510335 0.638333 
0 10 20 15 23 229 -1 0.555455 0.153333 
1 8 14 9 17 15 1 0.490106 0.625 
0 0 20 5 21 168 -1 0.505647 0.116667 
1 2 4 11 9 68 1 0.443794 0.59 
0 0 0 7 5 -646 1 0.498085 0.16 
4 0 12 1 15 -19 1 0.530393 0.22 
1 20 6 21 7 -14 -1 0.540581 0.855 
0 12 6 13 13 -40 1 0.48044 0.15 
1 6 6 17 9 -67 1 0.496259 0.408333 
0 16 16 19 23 -668 1 0.50285 0.06 
4 10 8 11 9 -8 -1 0.47767 0.783333 
1 2 10 13 11 42 -1 0.481791 0.218333 
0 18 8 19 21 38 -1 0.477106 0.226667 
4 10 0 13 3 -56 1 0.519995 0.315 
1 0 12 3 17 -211 -1 0.500226 0.74 
0 2 14 5 21 578 -1 0.50588 0.06 
0 8 6 13 9 -125 -1 0.505533 0.723333 
4 12 0 17 5 288 -1 0.53769 0.223333 
1 2 12 3 13 -2 -1 0.535936 0.59 
4 10 12 11 13 4 -1 0.534243 0.226667 
1 2 8 11 15 2085 1 0.53394 0.856667 
0 2 14 5 19 -182 1 0.467744 0.168333 
0 2 0 5 1 -40 1 0.523227 0.188333 
2 6 14 7 23 798 1 0.487736 0.33 
1 2 6 11 9 -89 1 0.508909 0.408333 
3 0 0 7 7 5735 -1 0.497178 0.48 
0 14 8 17 23 102 -1 0.504597 0.331667 
1 18 0 23 3 76 1 0.519783 0.641667 
0 14 16 15 19 1 -1 0.539677 0.418333 
0 12 12 15 23 -160 1 0.529677 0.263333 
1 12 0 15 11 760 1 0.493449 0.811667 
0 20 0 21 21 -186 1 0.50738 0.0666667 
1 2 8 21 13 445 -1 0.485772 0.323333 
4 18 8 19 9 4 1 0.501962 0.693333 
4 2 12 7 17 220 -1 0.530268 0.256667 
3 12 8 17 13 1870 1 0.532514 0.231667 
3 4 8 5 13 377 -1 0.509731 0.731667 
1 14 0 19 1 2 1 0.533107 0.515 
1 12 0 17 3 74 -1 0.538453 0.325 
0 16 6 19 13 302 -1 0.501535 0.13 
4 4 12 5 13 5 1 0.526459 0.74 
1 6 10 11 11 30 -1 0.504917 0.18 
1 0 2 15 11 1956 1 0.511572 0.785 
0 4 14 13 23 -3249 1 0.490735 0.0616667 
1 22 6 23 9 -52 -1 0.496112 0.785 
1 14 8 17 9 -26 1 0.509988 0.18 
1 0 2 5 3 41 1 0.513827 0.798333 
0 0 0 3 19 -1181 1 0.455946 0.0616667 
0 8 0 9 9 -5 1 0.480668 0.445 
4 2 8 3 13 -64 1 0.517319 0.118333 
1 2 6 7 9 -88 1 0.531372 0.335 
3 12 4 17 7 1258 1 0.495758 0.318333 
1 4 2 11 5 72 -1 0.521826 0.37 
0 12 14 17 19 532 -1 0.48386 0.108333 
1 10 2 13 11 -186 -1 0.476915 0.606667 
0 6 14 9 21 5 1 0.491018 0.496667 
1 4 6 19 7 -180 1 0.511063 0.0783333 
4 8 6 13 9 -149 -1 0.518227 0.743333 
0 10 6 11 9 22 -1 0.494932 0.148333 
4 0 2 1 3 1 1 0.530129 0.558333 
0 0 4 1 9 -7 1 0.537929 0.35 
1 2 4 19 11 1551 1 0.506161 0.771667 
0 20 6 21 19 -177 1 0.508414 0.0366667 
4 2 4 9 11 634 1 0.485489 0.778333 
0 2 6 3 21 -97 1 0.482638 0.13 
0 10 2 11 9 -28 1 0.501407 0.226667 
0 14 0 15 5 -21 -1 0.489003 0.77 
1 2 4 17 5 110 -1 0.506471 0.17 
4 12 0 13 9 129 1 0.502044 0.883333 
2 10 4 13 9 2217 -1 0.467043 0.311667 
4 6 0 7 1 -6 -1 0.509651 0.753333 
3 2 2 3 5 260 1 0.513125 0.335 
1 12 20 13 21 7 -1 0.522178 0.213333 
4 10 20 11 21 -3 -1 0.516758 0.665 
4 2 0 3 3 20 -1 0.512299 0.221667 
4 12 2 17 3 -18 -1 0.512182 0.636667 
0 2 10 3 21 98 -1 0.54169 0.113333 
1 12 8 17 15 -304 -1 0.468367 0.636667 
0 12 20 15 21 24 -1 0.454014 0.203333 
1 10 4 19 5 53 -1 0.528023 0.205 
2 10 12 11 13 143 1 0.540069 0.608333 
0 2 4 3 21 -100 1 0.509357 0.138333 
0 4 4 9 7 9 1 0.494417 0.538333 
1 0 6 13 7 -139 1 0.480197 0.085 
4 2 6 11 13 -473 -1 0.506881 0.646667 
0 4 6 5 11 16 -1 0.502364 0.235 
0 2 8 5 13 -128 1 0.510437 0.213333 
1 6 2 9 5 -10 -1 0.480538 0.548333 
0 8 12 15 21 1342 -1 0.523835 0.108333 
0 12 8 15 13 256 1 0.474363 0.88 
0 18 16 19 23 -85 1 0.46772 0.0816667 
1 0 6 17 9 -106 1 0.477658 0.415 
1 14 10 15 13 43 -1 0.520777 0.186667 
0 0 0 5 7 -485 1 0.534182 0.178333 
4 20 0 21 1 -3 -1 0.518731 0.623333 
4 6 4 9 11 -211 1 0.530736 0.236667 
4 2 2 9 11 -442 -1 0.510106 0.675 
0 12 22 17 23 -147 1 0.4948 0.118333 
1 10 6 13 9 -259 -1 0.494747 0.875 
1 10 20 17 21 61 -1 0.482945 0.141667 
1 4 12 7 13 7 -1 0.518175 0.343333 
3 4 2 7 7 1055 1 0.534923 0.218333 
4 2 2 11 11 2371 1 0.497512 0.888333 
0 8 22 13 23 -109 1 0.455697 0.165 
0 8 18 13 23 189 -1 0.485628 0.233333 
0 18 8 19 19 32 -1 0.504761 0.245 
1 18 4 23 5 30 1 0.479484 0.768333 
1 12 2 21 5 234 -1 0.476936 0.27 
0 0 12 5 23 942 -1 0.525123 0.138333 
1 14 8 17 15 -173 -1 0.497576 0.645 
0 0 4 3 23 -726 1 0.479068 0.118333 
1 4 12 13 17 805 1 0.538912 0.746667 
0 4 18 9 21 -256 1 0.499045 0.16 
0 8 18 11 23 66 -1 0.537734 0.286667 
1 6 8 11 13 -130 -1 0.507673 0.611667 
0 20 4 21 23 -227 1 0.516611 0.0383333 
4 6 4 9 9 -120 1 0.488732 0.281667 
0 6 8 9 15 -69 1 0.521934 0.301667 
4 2 4 9 13 -1021 -1 0.509352 0.801667 
3 14 4 19 9 1533 1 0.506631 0.166667 
0 0 0 5 1 -32 1 0.488513 0.301667 
1 6 4 17 11 1410 1 0.498099 0.808333 
0 2 12 5 17 232 -1 0.483115 0.113333 
0 2 6 3 13 -31 1 0.522582 0.195 
1 6 0 9 1 17 1 0.492042 0.778333 
2 0 14 3 19 2037 -1 0.518121 0.391667 
3 8 14 13 17 1609 1 0.50186 0.436667 
0 16 4 19 17 265 -1 0.513451 0.221667 
0 6 2 9 7 -100 1 0.467014 0.246667 
1 10 6 19 7 -38 1 0.50778 0.243333 
1 6 14 11 15 15 -1 0.503812 0.278333 
1 2 10 15 15 1389 1 0.463588 0.816667 
0 4 0 13 23 5041 -1 0.497212 0.07 
1 2 6 21 9 -177 1 0.494468 0.381667 
1 6 0 19 7 25 -1 0.499755 0.443333 
1 14 10 15 11 5 -1 0.513312 0.235 
4 2 8 7 9 -19 -1 0.485299 0.656667 
1 16 0 21 5 -98 1 0.500122 0.406667 
0 16 12 17 15 0 -1 0.513013 0.458333 
4 6 2 13 11 86 -1 0.492838 0.431667 
4 4 4 5 13 72 -1 0.516925 0.158333 
1 0 6 7 7 -1 1 0.506682 0.44 
1 2 0 5 1 5 -1 0.545657 0.365 
1 12 20 17 21 6 -1 0.537002 0.386667 
4 4 8 9 9 -18 1 0.55412 0.343333 
1 4 2 19 5 408 -1 0.535032 0.221667 
1 6 4 7 7 14 1 0.534906 0.648333 
4 4 8 5 15 -101 1 0.512522 0.106667 
4 14 0 15 7 -27 -1 0.511073 0.733333 
0 10 8 13 9 24 -1 0.521141 0.22 
0 18 2 19 3 -1 -1 0.539525 0.486667 
1 0 10 5 15 260 -1 0.510228 0.285 
0 6 12 9 13 17 -1 0.51234 0.308333 
0 4 20 13 23 -297 1 0.47486 0.296667 
1 10 4 19 9 476 1 0.54395 0.753333 
1 2 6 17 7 -217 1 0.44801 0.05 
4 8 10 13 15 476 1 0.526083 0.83 
1 12 2 17 3 57 -1 0.50674 0.113333 
1 0 2 7 3 101 1 0.545879 0.86 
0 0 6 3 23 -823 1 0.500079 0.0983333 
0 6 0 7 7 -9 1 0.48688 0.365 
1 16 8 17 9 -7 1 0.538926 0.24 
0 0 14 5 23 896 -1 0.52189 0.125 
1 4 0 13 1 30 1 0.459231 0.731667 
0 16 6 19 21 448 -1 0.521275 0.173333 
1 4 12 15 17 696 1 0.503886 0.71 
1 8 2 13 5 177 -1 0.523115 0.206667 
1 6 12 9 13 1 -1 0.539954 0.453333 
2 6 6 9 9 379 1 0.521325 0.0816667 
1 6 4 17 9 253 1 0.465413 0.64 
0 16 10 17 15 13 -1 0.522717 0.235 
0 8 0 9 5 -14 1 0.4756 0.268333 
4 4 2 9 5 20 -1 0.530249 0.445 
1 0 10 15 11 46 -1 0.544632 0.24 
4 0 20 5 21 -23 1 0.552681 0.295 
1 20 0 21 1 -5 -1 0.555525 0.703333 
0 20 6 21 17 -187 1 0.536254 0.0233333 
1 14 10 21 13 -135 -1 0.483265 0.721667 
0 0 2 3 7 -182 1 0.523248 0.173333 
4 8 8 9 13 -21 1 0.524996 0.235 
4 8 6 9 7 9 1 0.520478 0.795 
4 16 0 17 5 21 -1 0.507374 0.246667 
0 12 12 17 19 450 -1 0.521852 0.176667 
4 0 10 5 13 -18 1 0.475548 0.416667 
1 20 4 23 5 6 1 0.506475 0.628333 
4 8 0 13 3 -44 1 0.519775 0.383333 
2 12 12 13 21 673 1 0.507865 0.245 
1 14 10 19 15 -122 -1 0.513371 0.616667 
1 14 10 19 11 23 -1 0.512064 0.218333 
1 10 6 19 13 723 1 0.526881 0.72 
1 2 2 5 5 -50 1 0.513411 0.32 
1 10 0 21 9 -1008 -1 0.478712 0.686667 
4 12 20 15 21 12 -1 0.510429 0.261667 
1 4 6 11 9 -233 1 0.51864 0.255 
0 2 2 7 3 -61 1 0.508566 0.223333 
4 18 2 19 7 6 1 0.552129 0.58 
0 2 4 5 13 476 -1 0.558601 0.103333 
4 4 6 11 11 -397 -1 0.490419 0.73 
0 16 16 19 17 47 -1 0.508927 0.166667 
4 6 18 11 19 -36 -1 0.522649 0.731667 
0 18 12 19 23 -173 1 0.488081 0.045 
0 12 2 13 7 7 -1 0.496872 0.358333 
0 18 2 19 11 -6 -1 0.496263 0.565 
0 6 16 13 21 561 -1 0.526128 0.153333 
1 4 8 19 13 194 -1 0.482985 0.388333 
2 18 22 19 23 156 -1 0.505971 0.3 
1 4 0 7 3 -120 -1 0.479851 0.755 
4 16 0 19 9 -314 1 0.516684 0.198333 
1 16 12 17 17 31 -1 0.532274 0.368333 
3 10 12 15 13 625 1 0.525167 0.523333 
0 2 8 5 19 -106 1 0.488644 0.306667 
4 4 20 7 21 -23 1 0.530947 0.211667 
1 0 4 7 7 -50 1 0.509077 0.396667 
0 6 10 9 17 117 -1 0.521356 0.27 
0 6 2 9 21 -196 1 0.512967 0.278333 
1 6 2 7 5 63 -1 0.5085 0.171667 
2 2 6 9 7 340 -1 0.484707 0.853333 
3 0 20 3 21 207 1 0.457997 0.236667 
1 0 10 15 15 1306 1 0.52886 0.791667 
0 2 2 3 5 -59 1 0.502977 0.0583333 
1 10 2 19 9 646 1 0.498797 0.75 
0 2 14 5 23 383 -1 0.497177 0.133333 
4 6 2 9 11 180 1 0.513518 0.698333 
0 4 10 5 23 -110 1 0.490504 0.0966667 
0 0 2 7 3 -84 1 0.514863 0.225 
1 4 10 7 13 15 -1 0.552971 0.401667 
4 6 10 7 13 -8 1 0.525287 0.295 
1 6 14 17 15 39 -1 0.560504 0.251667 
1 10 10 11 15 117 1 0.536371 0.8 
0 6 10 9 11 -39 1 0.509063 0.183333 
1 6 8 7 13 27 -1 0.524045 0.37 
0 6 16 11 19 57 -1 0.537726 0.368333 
0 16 4 17 17 -31 1 0.519829 0.231667 
4 6 2 13 7 -223 -1 0.523182 0.66 
0 6 10 13 11 24 -1 0.548442 0.366667 
0 18 0 19 3 -4 -1 0.536065 0.61 
1 8 20 17 21 84 -1 0.52265 0.125 
2 4 6 9 7 495 1 0.487758 0.426667 
0 16 10 19 21 299 -1 0.534058 0.195 
0 12 14 17 21 -855 1 0.497929 0.108333 
4 12 8 15 13 380 1 0.46785 0.878333 
0 0 4 3 17 -829 1 0.506355 0.0833333 
0 6 4 9 9 -13 1 0.510366 0.456667 
4 4 18 7 19 -29 1 0.550441 0.188333 
1 4 12 11 13 14 -1 0.530107 0.323333 
1 14 6 19 9 -115 1 0.521311 0.28 
1 4 0 11 3 43 -1 0.53887 0.393333 
0 4 12 13 23 2087 -1 0.507614 0.111667 
4 14 8 17 9 -80 -1 0.475898 0.918333 
0 14 2 17 23 -1326 1 0.515614 0.0583333 
4 10 8 13 9 -10 -1 0.487829 0.62 
4 10 20 15 21 23 -1 0.52801 0.268333 
4 6 16 7 19 7 -1 0.527787 0.343333 
1 2 8 3 9 -9 -1 0.558318 0.781667 
0 20 0 21 23 -285 1 0.497877 0.0316667 
4 0 8 7 11 334 1 0.500524 0.82 
0 16 16 19 19 123 -1 0.503988 0.185 
0 10 10 11 19 -20 1 0.507359 0.286667 
4 0 16 1 17 3 1 0.542767 0.64 
4 8 4 9 13 -45 1 0.551466 0.226667 
4 2 2 7 5 -164 1 0.572171 0.235 
1 0 4 13 9 116 1 0.562959 0.611667 
4 4 12 5 17 -121 1 0.477377 0.065 
1 4 14 13 17 385 1 0.511855 0.796667 
0 16 12 17 19 51 -1 0.510648 0.11 
4 4 4 13 9 -431 -1 0.54921 0.701667 
1 4 6 15 7 -156 1 0.534606 0.065 
1 10 8 19 13 -673 -1 0.53403 0.78 
1 8 16 15 17 -65 1 0.502738 0.196667 
1 12 8 15 9 -12 1 0.534646 0.276667 
1 12 2 13 7 -57 -1 0.543195 0.693333 
0 14 8 17 13 184 -1 0.536022 0.148333 
2 8 12 9 15 374 1 0.508592 0.506667 
1 8 6 9 9 -8 1 0.552456 0.42 
0 2 4 3 23 -153 1 0.517191 0.0916667 
1 2 10 3 11 9 1 0.517909 0.828333 
1 4 8 7 11 94 -1 0.488558 0.208333 
4 14 20 17 21 12 -1 0.512674 0.306667 
4 8 8 11 9 56 1 0.51813 0.873333 
0 2 10 3 17 32 -1 0.521783 0.168333 
0 0 10 3 11 -16 1 0.557969 0.3 
0 14 10 15 13 -5 1 0.558317 0.351667 
1 12 4 21 7 -403 1 0.545232 0.158333 
1 6 2 17 5 223 -1 0.478962 0.263333 
0 10 4 13 21 -46 -1 0.526192 0.598333 
0 6 20 13 21 -45 1 0.499472 0.328333 
0 12 18 15 23 50 -1 0.511649 0.298333 
0 4 2 9 3 -23 1 0.524134 0.335 
0 6 22 9 23 -2 -1 0.551864 0.513333 
1 4 14 17 15 52 -1 0.56047 0.241667 
0 2 2 5 11 -314 1 0.5254 0.155 
3 18 6 19 7 45 -1 0.509544 0.838333 
2 0 16 7 23 3132 1 0.495463 0.17 
0 8 20 9 21 -3 1 0.542396 0.271667 
0 4 8 7 11 -121 -1 0.514707 0.835 
1 0 6 15 7 -158 1 0.524839 0.0916667 
4 0 4 1 5 -1 -1 0.540297 0.535 
1 18 12 19 13 -8 -1 0.529391 0.746667 
0 12 20 17 23 -442 1 0.495717 0.101667 
1 4 18 7 19 0 -1 0.52851 0.48 
1 14 8 15 9 -2 1 0.548264 0.363333 
4 6 6 9 9 -165 1 0.53972 0.16 
1 12 12 15 17 226 1 0.505755 0.71 
0 16 6 19 23 518 -1 0.506033 0.175 
0 6 10 9 15 -52 1 0.518118 0.295 
0 6 2 7 15 -76 -1 0.496964 0.858333 
0 10 6 11 11 24 -1 0.548148 0.178333 
1 20 4 21 7 -84 -1 0.550302 0.873333 
1 4 4 17 7 -1035 1 0.512802 0.0666667 
1 2 6 13 9 3 1 0.515082 0.545 
1 6 0 11 7 -119 -1 0.505424 0.555 
0 18 0 19 17 164 -1 0.497745 0.1 
0 14 0 15 23 -101 -1 0.533777 0.798333 
0 18 10 19 23 -176 1 0.515267 0.0466667 
1 0 8 23 13 443 -1 0.452963 0.336667 
1 12 6 19 13 492 1 0.521788 0.701667 
0 2 0 3 23 -138 1 0.505882 0.118333 
3 8 20 13 21 550 1 0.50827 0.47 
4 4 0 5 7 24 1 0.535021 0.671667 
1 14 12 17 13 8 -1 0.543744 0.3 
3 0 0 9 7 8513 -1 0.521949 0.361667 
1 14 10 21 11 -20 -1 0.473046 0.686667 
1 10 18 13 19 -33 1 0.543965 0.13 
1 12 4 21 9 1 1 0.494231 0.52 
4 10 8 13 11 115 -1 0.527349 0.17 
4 4 10 9 13 78 -1 0.503836 0.336667 
0 8 4 9 13 -34 1 0.561584 0.208333 
0 8 8 9 11 12 -1 0.523223 0.258333 
4 2 6 9 11 644 1 0.490873 0.823333 
1 8 4 17 5 112 -1 0.531802 0.115 
0 16 12 17 23 21 -1 0.561851 0.275 
1 8 12 21 17 1379 1 0.535372 0.793333 
3 8 20 17 21 745 1 0.508716 0.301667 
